META	HEADER	GNSS location/orientation script
META	VERSION	1.0.1
META	FORMAT	ASCII
META	CONTENT	DEFAULT
META	TIMESTAMPS	UPTIME
META	END
Uptime	Origin_X	Origin_Y	Origin_Z	Basis_XX	Basis_XY	Basis_XZ	Basis_YX	Basis_YY	Basis_YZ	Basis_ZX	Basis_ZY	Basis_ZZ
3949853	-16.7139	-7.7882	-12.8878	-0.094446	-0.013835	-0.995434	-0.055538	0.998419	-0.008607	0.993980	0.054471	-0.095065
3949975	-16.7131	-7.7886	-12.8867	-0.094788	-0.013744	-0.995403	-0.055804	0.998406	-0.008472	0.993932	0.054744	-0.095404
3950102	-16.7130	-7.7874	-12.8884	-0.094545	-0.014086	-0.995421	-0.055616	0.998413	-0.008846	0.993966	0.054525	-0.095178
3950231	-16.7131	-7.7895	-12.8872	-0.094831	-0.014426	-0.995389	-0.056477	0.998363	-0.009089	0.993890	0.055355	-0.095491
3950351	-16.7128	-7.7911	-12.8867	-0.094980	-0.015438	-0.995359	-0.057238	0.998310	-0.010022	0.993832	0.056021	-0.095703
3950478	-16.7130	-7.7900	-12.8861	-0.095179	-0.013047	-0.995375	-0.056183	0.998391	-0.007714	0.993873	0.055189	-0.095759
3950598	-16.7131	-7.7888	-12.8863	-0.095054	-0.014217	-0.995371	-0.056813	0.998346	-0.008834	0.993850	0.055710	-0.095705
3950720	-16.7133	-7.7885	-12.8866	-0.094976	-0.015335	-0.995361	-0.057087	0.998320	-0.009933	0.993841	0.055879	-0.095691
3950855	-16.7134	-7.7885	-12.8863	-0.095050	-0.015400	-0.995353	-0.056924	0.998328	-0.010010	0.993844	0.055708	-0.095767
3950977	-16.7132	-7.7862	-12.8874	-0.094897	-0.014603	-0.995380	-0.056469	0.998361	-0.009263	0.993884	0.055330	-0.095567
3951102	-16.7129	-7.7865	-12.8873	-0.095345	-0.013835	-0.995348	-0.056817	0.998349	-0.008434	0.993822	0.055748	-0.095973
3951225	-16.7131	-7.7863	-12.8874	-0.094849	-0.015711	-0.995368	-0.057147	0.998313	-0.010312	0.993850	0.055904	-0.095587
3951350	-16.7129	-7.7859	-12.8882	-0.094873	-0.014250	-0.995387	-0.056730	0.998350	-0.008885	0.993872	0.055625	-0.095525
3951472	-16.7133	-7.7842	-12.8882	-0.094693	-0.014148	-0.995406	-0.055775	0.998404	-0.008885	0.993943	0.054678	-0.095331
3951605	-16.7131	-7.7853	-12.8884	-0.094447	-0.014243	-0.995428	-0.055808	0.998401	-0.008990	0.993964	0.054704	-0.095091
3951724	-16.7136	-7.7885	-12.8868	-0.094537	-0.012619	-0.995441	-0.055468	0.998433	-0.007389	0.993975	0.054517	-0.095089
3951855	-16.7130	-7.7899	-12.8869	-0.094700	-0.013662	-0.995412	-0.055685	0.998413	-0.008406	0.993947	0.054634	-0.095311
3951976	-16.7132	-7.7898	-12.8868	-0.094848	-0.013643	-0.995398	-0.056012	0.998395	-0.008347	0.993915	0.054963	-0.095460
3952102	-16.7131	-7.7912	-12.8870	-0.094725	-0.013159	-0.995417	-0.056010	0.998399	-0.007868	0.993927	0.055008	-0.095310
3952230	-16.7131	-7.7890	-12.8876	-0.094605	-0.012429	-0.995437	-0.055594	0.998428	-0.007183	0.993961	0.054660	-0.095148
3952348	-16.7132	-7.7890	-12.8876	-0.094744	-0.012137	-0.995428	-0.055594	0.998430	-0.006882	0.993948	0.054688	-0.095270
3952475	-16.7133	-7.7891	-12.8882	-0.094617	-0.011046	-0.995452	-0.054969	0.998471	-0.005855	0.993995	0.054165	-0.095080
3952601	-16.7137	-7.7910	-12.8869	-0.094800	-0.012791	-0.995414	-0.056033	0.998401	-0.007493	0.993918	0.055066	-0.095365
3952725	-16.7140	-7.7913	-12.8868	-0.094758	-0.012975	-0.995416	-0.056266	0.998386	-0.007657	0.993909	0.055282	-0.095335
3952855	-16.7138	-7.7930	-12.8869	-0.094604	-0.013637	-0.995422	-0.056755	0.998354	-0.008283	0.993896	0.055712	-0.095222
3952975	-16.7135	-7.7935	-12.8865	-0.094796	-0.012310	-0.995421	-0.056310	0.998389	-0.006984	0.993903	0.055390	-0.095337
3953109	-16.7139	-7.7938	-12.8859	-0.094892	-0.013591	-0.995395	-0.056707	0.998357	-0.008226	0.993871	0.055665	-0.095507
3953226	-16.7132	-7.7929	-12.8858	-0.095074	-0.012855	-0.995387	-0.056404	0.998380	-0.007506	0.993871	0.055430	-0.095645
3953350	-16.7140	-7.7941	-12.8855	-0.095021	-0.013604	-0.995382	-0.056562	0.998365	-0.008245	0.993867	0.055518	-0.095635
3953475	-16.7140	-7.7929	-12.8853	-0.094868	-0.012849	-0.995407	-0.055882	0.998409	-0.007562	0.993920	0.054908	-0.095435
3953600	-16.7142	-7.7938	-12.8855	-0.094632	-0.013914	-0.995415	-0.056099	0.998388	-0.008622	0.993930	0.055025	-0.095260
3953724	-16.7143	-7.7962	-12.8848	-0.094841	-0.013442	-0.995402	-0.055981	0.998399	-0.008148	0.993917	0.054951	-0.095442
3953855	-16.7146	-7.7952	-12.8853	-0.094587	-0.012670	-0.995436	-0.055634	0.998424	-0.007421	0.993961	0.054678	-0.095143
3953975	-16.7145	-7.7964	-12.8847	-0.094860	-0.012543	-0.995412	-0.055638	0.998424	-0.007279	0.993935	0.054692	-0.095408
3954102	-16.7140	-7.7969	-12.8858	-0.094686	-0.013144	-0.995420	-0.055903	0.998405	-0.007866	0.993936	0.054903	-0.095270
3954229	-16.7147	-7.7962	-12.8853	-0.094798	-0.013441	-0.995406	-0.055865	0.998405	-0.008161	0.993928	0.054835	-0.095397
3954348	-16.7148	-7.7968	-12.8853	-0.094681	-0.012910	-0.995424	-0.055979	0.998403	-0.007624	0.993933	0.055001	-0.095253
3954477	-16.7150	-7.7982	-12.8853	-0.094698	-0.013690	-0.995412	-0.056411	0.998373	-0.008364	0.993906	0.055361	-0.095317
3954604	-16.7148	-7.7960	-12.8858	-0.094776	-0.012232	-0.995423	-0.055414	0.998439	-0.006993	0.993955	0.054498	-0.095306
3954724	-16.7147	-7.7961	-12.8861	-0.094753	-0.011874	-0.995430	-0.055587	0.998432	-0.006619	0.993948	0.054706	-0.095264
3954855	-16.7149	-7.7964	-12.8864	-0.094685	-0.011458	-0.995441	-0.055396	0.998445	-0.006223	0.993965	0.054554	-0.095172
3954976	-16.7151	-7.7957	-12.8864	-0.094712	-0.011998	-0.995432	-0.055259	0.998449	-0.006776	0.993970	0.054365	-0.095228
3955105	-16.7149	-7.7945	-12.8869	-0.094702	-0.011275	-0.995442	-0.054887	0.998474	-0.006087	0.993991	0.054061	-0.095176
3955221	-16.7148	-7.7892	-12.8857	-0.094704	-0.015230	-0.995389	-0.054892	0.998442	-0.010054	0.993991	0.053687	-0.095392
3955351	-16.7150	-7.7884	-12.8859	-0.094764	-0.014937	-0.995388	-0.054680	0.998456	-0.009777	0.993997	0.053501	-0.095435
3955476	-16.7148	-7.7881	-12.8860	-0.094531	-0.016348	-0.995388	-0.056162	0.998360	-0.011064	0.993936	0.054857	-0.095294
3955600	-16.7146	-7.7866	-12.8866	-0.094256	-0.015652	-0.995425	-0.055957	0.998379	-0.010400	0.993974	0.054720	-0.094979
3955724	-16.7150	-7.7878	-12.8861	-0.094749	-0.016428	-0.995366	-0.056464	0.998343	-0.011103	0.993899	0.055151	-0.095519
3955856	-16.7152	-7.7864	-12.8871	-0.094254	-0.015900	-0.995421	-0.056072	0.998370	-0.010638	0.993968	0.054813	-0.094992
3955973	-16.7149	-7.7841	-12.8878	-0.094396	-0.016804	-0.995393	-0.056227	0.998352	-0.011522	0.993946	0.054881	-0.095185
3956102	-16.7152	-7.7829	-12.8880	-0.094152	-0.017340	-0.995407	-0.056001	0.998357	-0.012094	0.993982	0.054606	-0.094968
3956227	-16.7145	-7.7884	-12.8871	-0.094549	-0.015543	-0.995399	-0.056796	0.998334	-0.010194	0.993899	0.055571	-0.095274
3956351	-16.7143	-7.7888	-12.8864	-0.094757	-0.015359	-0.995382	-0.057062	0.998321	-0.009972	0.993864	0.055853	-0.095474
3956476	-16.7141	-7.7870	-12.8871	-0.094541	-0.014261	-0.995419	-0.055748	0.998404	-0.009009	0.993959	0.054641	-0.095185
3956601	-16.7143	-7.7857	-12.8879	-0.094465	-0.014422	-0.995424	-0.055418	0.998421	-0.009207	0.993984	0.054295	-0.095115
3956724	-16.7142	-7.7838	-12.8881	-0.094340	-0.015753	-0.995415	-0.055857	0.998383	-0.010507	0.993972	0.054610	-0.095067
3956854	-16.7145	-7.7821	-12.8884	-0.094285	-0.016195	-0.995414	-0.055900	0.998376	-0.010948	0.993975	0.054612	-0.095037
3956973	-16.7146	-7.7824	-12.8881	-0.094403	-0.017120	-0.995387	-0.056628	0.998326	-0.011800	0.993922	0.055253	-0.095215
3957110	-16.7143	-7.7795	-12.8894	-0.094309	-0.016252	-0.995410	-0.055977	0.998372	-0.010996	0.993968	0.054683	-0.095065
3957226	-16.7139	-7.7863	-12.8873	-0.094868	-0.016492	-0.995353	-0.058098	0.998250	-0.011003	0.993793	0.056784	-0.095660
3957350	-16.7141	-7.7867	-12.8869	-0.094898	-0.015703	-0.995363	-0.057861	0.998272	-0.010233	0.993804	0.056621	-0.095643
3957476	-16.7145	-7.7863	-12.8873	-0.094617	-0.015249	-0.995397	-0.056343	0.998362	-0.009939	0.993918	0.055143	-0.095321
3957599	-16.7147	-7.7836	-12.8880	-0.094505	-0.014729	-0.995415	-0.055547	0.998411	-0.009500	0.993973	0.054395	-0.095173
3957724	-16.7147	-7.7837	-12.8875	-0.094533	-0.015627	-0.995399	-0.056057	0.998374	-0.010350	0.993942	0.054821	-0.095255
3957854	-16.7146	-7.7825	-12.8874	-0.094520	-0.015844	-0.995397	-0.056232	0.998362	-0.010551	0.993934	0.054975	-0.095256
3957978	-16.7148	-7.7816	-12.8876	-0.094685	-0.015504	-0.995387	-0.055966	0.998380	-0.010227	0.993933	0.054740	-0.095399
3958106	-16.7143	-7.7808	-12.8889	-0.094400	-0.016455	-0.995398	-0.056409	0.998345	-0.011154	0.993935	0.055096	-0.095172
3958226	-16.7143	-7.7893	-12.8852	-0.094981	-0.016147	-0.995348	-0.058323	0.998241	-0.010628	0.993769	0.057042	-0.095756
3958351	-16.7144	-7.7898	-12.8856	-0.095294	-0.014936	-0.995337	-0.058344	0.998252	-0.009394	0.993738	0.057177	-0.095999
3958475	-16.7146	-7.7900	-12.8841	-0.095017	-0.015882	-0.995349	-0.057130	0.998312	-0.010476	0.993835	0.055869	-0.095764
3958600	-16.7149	-7.7898	-12.8844	-0.095007	-0.016675	-0.995337	-0.056930	0.998314	-0.011291	0.993847	0.055592	-0.095796
3958725	-16.7151	-7.7885	-12.8847	-0.094796	-0.015466	-0.995377	-0.056483	0.998352	-0.010133	0.993893	0.055261	-0.095514
3958852	-16.7152	-7.7886	-12.8850	-0.094708	-0.016341	-0.995371	-0.056961	0.998316	-0.010970	0.993874	0.055659	-0.095479
3958975	-16.7154	-7.7887	-12.8842	-0.094929	-0.016804	-0.995342	-0.056876	0.998316	-0.011430	0.993858	0.055526	-0.095725
3959109	-16.7157	-7.7878	-12.8850	-0.094998	-0.016348	-0.995343	-0.056516	0.998341	-0.011003	0.993872	0.055208	-0.095764
3959227	-16.7174	-7.7917	-12.8843	-0.095005	-0.014908	-0.995365	-0.057147	0.998321	-0.009498	0.993835	0.055979	-0.095697
3959350	-16.7178	-7.7933	-12.8841	-0.095008	-0.015381	-0.995358	-0.057910	0.998273	-0.009898	0.993791	0.056701	-0.095735
3959476	-16.7188	-7.7918	-12.8841	-0.094892	-0.015224	-0.995371	-0.056043	0.998379	-0.009927	0.993909	0.054842	-0.095591
3959598	-16.7206	-7.7932	-12.8832	-0.095096	-0.016347	-0.995334	-0.056636	0.998334	-0.010985	0.993856	0.055327	-0.095864
3959720	-16.7233	-7.7937	-12.8833	-0.095085	-0.016096	-0.995339	-0.056513	0.998344	-0.010746	0.993864	0.055228	-0.095837
3959855	-16.7264	-7.7935	-12.8825	-0.095298	-0.014970	-0.995336	-0.056298	0.998368	-0.009626	0.993856	0.055118	-0.095985
3959976	-16.7301	-7.7952	-12.8816	-0.095441	-0.015385	-0.995316	-0.056721	0.998340	-0.009993	0.993818	0.055501	-0.096155
3960103	-16.7336	-7.7947	-12.8807	-0.095745	-0.014634	-0.995298	-0.056243	0.998374	-0.009269	0.993816	0.055092	-0.096412
3960233	-16.7374	-7.7935	-12.8802	-0.095833	-0.013467	-0.995306	-0.055323	0.998435	-0.008183	0.993859	0.054279	-0.096428
3960350	-16.7405	-7.7926	-12.8775	-0.096379	-0.015219	-0.995228	-0.055487	0.998410	-0.009895	0.993797	0.054269	-0.097070
3960473	-16.7439	-7.7922	-12.8756	-0.096622	-0.015791	-0.995196	-0.055554	0.998401	-0.010448	0.993770	0.054278	-0.097345
3960597	-16.7477	-7.7929	-12.8754	-0.096560	-0.015026	-0.995214	-0.055152	0.998431	-0.009723	0.993798	0.053949	-0.097237
3960726	-16.7529	-7.7936	-12.8740	-0.096846	-0.014666	-0.995191	-0.054894	0.998448	-0.009372	0.993784	0.053723	-0.097501
3960856	-16.7599	-7.7924	-12.8737	-0.096843	-0.014108	-0.995200	-0.054508	0.998474	-0.008851	0.993806	0.053389	-0.097464
3960976	-16.7678	-7.7928	-12.8712	-0.097361	-0.013206	-0.995162	-0.054398	0.998488	-0.007928	0.993761	0.053363	-0.097932
3961109	-16.7779	-7.7917	-12.8697	-0.097453	-0.012829	-0.995157	-0.054151	0.998504	-0.007569	0.993766	0.053151	-0.098002
3961226	-16.7894	-7.7894	-12.8688	-0.097580	-0.010579	-0.995171	-0.052971	0.998581	-0.005421	0.993817	0.052187	-0.098002
3961349	-16.8031	-7.7884	-12.8680	-0.097572	-0.009883	-0.995179	-0.052685	0.998600	-0.004751	0.993833	0.051967	-0.097956
3961473	-16.8181	-7.7885	-12.8660	-0.097737	-0.011818	-0.995142	-0.054323	0.998502	-0.006523	0.993729	0.053422	-0.098233
3961602	-16.8358	-7.7893	-12.8631	-0.098261	-0.012883	-0.995077	-0.055091	0.998453	-0.007486	0.993635	0.054084	-0.098819
3961723	-16.8563	-7.7918	-12.8603	-0.098307	-0.013173	-0.995069	-0.056083	0.998397	-0.007676	0.993575	0.055051	-0.098888
3961855	-16.8792	-7.7935	-12.8582	-0.098698	-0.013993	-0.995019	-0.056705	0.998356	-0.008416	0.993501	0.055592	-0.099329
3961974	-16.9054	-7.7947	-12.8569	-0.098888	-0.014810	-0.994988	-0.056488	0.998360	-0.009246	0.993494	0.055291	-0.099563
3962101	-16.9342	-7.7950	-12.8562	-0.098373	-0.017434	-0.994997	-0.056794	0.998315	-0.011877	0.993528	0.055342	-0.099198
3962226	-16.9649	-7.7959	-12.8547	-0.098018	-0.017410	-0.995032	-0.057594	0.998270	-0.011793	0.993517	0.056152	-0.098851
3962349	-16.9941	-7.7967	-12.8507	-0.098465	-0.018345	-0.994971	-0.058503	0.998208	-0.012615	0.993419	0.056966	-0.099361
3962474	-17.0198	-7.7954	-12.8472	-0.099080	-0.018166	-0.994914	-0.058427	0.998215	-0.012407	0.993363	0.056901	-0.099965
3962603	-17.0458	-7.7937	-12.8449	-0.099090	-0.018196	-0.994912	-0.057989	0.998239	-0.012482	0.993387	0.056458	-0.099971
3962723	-17.0729	-7.7971	-12.8440	-0.098587	-0.016388	-0.994993	-0.058902	0.998207	-0.010605	0.993384	0.057561	-0.099376
3962853	-17.1007	-7.7986	-12.8436	-0.098968	-0.015965	-0.994963	-0.059441	0.998181	-0.010104	0.993314	0.058141	-0.099737
3962975	-17.1260	-7.7962	-12.8433	-0.098840	-0.019434	-0.994914	-0.059435	0.998140	-0.013592	0.993327	0.057789	-0.099811
3963108	-17.1491	-7.7964	-12.8419	-0.098976	-0.020037	-0.994888	-0.059685	0.998117	-0.014165	0.993298	0.057977	-0.099985
3963225	-17.1725	-7.8031	-12.8360	-0.099600	-0.014434	-0.994923	-0.058747	0.998236	-0.008601	0.993292	0.057592	-0.100272
3963347	-17.1941	-7.8058	-12.8320	-0.099863	-0.012295	-0.994925	-0.058999	0.998237	-0.006414	0.993250	0.058059	-0.100413
3963476	-17.2136	-7.8056	-12.8295	-0.099841	-0.010461	-0.994948	-0.057775	0.998319	-0.004699	0.993325	0.057014	-0.100277
3963601	-17.2345	-7.8055	-12.8283	-0.099802	-0.009867	-0.994958	-0.056481	0.998395	-0.004235	0.993403	0.055774	-0.100199
3963736	-17.2589	-7.8077	-12.8272	-0.099802	-0.014938	-0.994895	-0.058710	0.998234	-0.009099	0.993274	0.057502	-0.100503
3963856	-17.2840	-7.8105	-12.8280	-0.099425	-0.018193	-0.994879	-0.060784	0.998077	-0.012177	0.993187	0.059262	-0.100339
3963976	-17.3124	-7.8086	-12.8296	-0.098142	-0.020236	-0.994967	-0.061134	0.998028	-0.014268	0.993293	0.059426	-0.099186
3964100	-17.3452	-7.8074	-12.8301	-0.096316	-0.019609	-0.995158	-0.059843	0.998111	-0.013875	0.993550	0.058217	-0.097307
3964221	-17.3831	-7.8089	-12.8277	-0.095693	-0.017280	-0.995261	-0.059945	0.998135	-0.011566	0.993604	0.058554	-0.096550
3964355	-17.4220	-7.8115	-12.8252	-0.096100	-0.018678	-0.995196	-0.061770	0.998009	-0.012766	0.993453	0.060246	-0.097062
3964476	-17.4565	-7.8154	-12.8294	-0.094029	-0.023475	-0.995293	-0.064132	0.997788	-0.017475	0.993502	0.062187	-0.095327
3964605	-17.4838	-7.8166	-12.8352	-0.092193	-0.024474	-0.995440	-0.064379	0.997753	-0.018569	0.993658	0.062374	-0.093561
3964724	-17.5084	-7.8152	-12.8407	-0.090932	-0.024785	-0.995549	-0.064279	0.997752	-0.018968	0.993780	0.062268	-0.092321
3964854	-17.5296	-7.8158	-12.8425	-0.090696	-0.022687	-0.995620	-0.063914	0.997812	-0.016915	0.993826	0.062100	-0.091948
3964973	-17.5469	-7.8153	-12.8418	-0.090384	-0.022574	-0.995651	-0.064362	0.997786	-0.016779	0.993825	0.062565	-0.091637
3965106	-17.5627	-7.8138	-12.8380	-0.090506	-0.020518	-0.995685	-0.063630	0.997864	-0.014779	0.993861	0.062018	-0.091618
3965226	-17.5796	-7.8205	-12.8364	-0.089706	-0.020686	-0.995753	-0.063810	0.997850	-0.014981	0.993922	0.062195	-0.090833
3965351	-17.5955	-7.8263	-12.8373	-0.089445	-0.020558	-0.995780	-0.064944	0.997780	-0.014766	0.993872	0.063349	-0.090581
3965476	-17.6116	-7.8263	-12.8414	-0.088717	-0.020206	-0.995852	-0.064560	0.997809	-0.014495	0.993962	0.063006	-0.089827
3965600	-17.6288	-7.8256	-12.8437	-0.087666	-0.020353	-0.995942	-0.064249	0.997825	-0.014736	0.994076	0.062696	-0.088783
3965724	-17.6477	-7.8267	-12.8451	-0.086945	-0.020091	-0.996010	-0.064673	0.997801	-0.014482	0.994112	0.063156	-0.088053
3965853	-17.6679	-7.8236	-12.8461	-0.086326	-0.020270	-0.996061	-0.064705	0.997796	-0.014697	0.994163	0.063181	-0.087448
3965973	-17.6897	-7.8224	-12.8479	-0.085387	-0.019650	-0.996154	-0.064425	0.997822	-0.014160	0.994263	0.062968	-0.086467
3966112	-17.7137	-7.8227	-12.8500	-0.083793	-0.021067	-0.996260	-0.065089	0.997757	-0.015624	0.994355	0.063536	-0.084976
3966226	-17.7374	-7.8283	-12.8509	-0.083242	-0.020603	-0.996316	-0.065362	0.997746	-0.015172	0.994383	0.063858	-0.084401
3966350	-17.7635	-7.8294	-12.8522	-0.082654	-0.021475	-0.996347	-0.065547	0.997720	-0.016067	0.994420	0.063979	-0.083874
3966475	-17.7897	-7.8289	-12.8542	-0.082025	-0.022216	-0.996383	-0.065458	0.997713	-0.016857	0.994478	0.063838	-0.083292
3966601	-17.8160	-7.8288	-12.8553	-0.081215	-0.022394	-0.996445	-0.065812	0.997686	-0.017058	0.994521	0.064193	-0.082500
3966724	-17.8429	-7.8283	-12.8582	-0.079873	-0.021074	-0.996582	-0.065783	0.997708	-0.015825	0.994632	0.064295	-0.081076
3966854	-17.8700	-7.8280	-12.8606	-0.078105	-0.020764	-0.996729	-0.065659	0.997720	-0.015639	0.994781	0.064222	-0.079291
3966974	-17.8984	-7.8294	-12.8626	-0.076776	-0.018502	-0.996877	-0.064976	0.997795	-0.013515	0.994929	0.063735	-0.077809
3967109	-17.9279	-7.8306	-12.8657	-0.076135	-0.018477	-0.996926	-0.065409	0.997767	-0.013497	0.994950	0.064180	-0.077174
3967225	-17.9596	-7.8349	-12.8687	-0.074920	-0.018827	-0.997012	-0.067432	0.997629	-0.013771	0.994907	0.066199	-0.076012
3967351	-17.9925	-7.8353	-12.8748	-0.073190	-0.017857	-0.997158	-0.067361	0.997645	-0.012921	0.995041	0.066224	-0.074220
3967475	-18.0262	-7.8330	-12.8797	-0.071080	-0.016437	-0.997335	-0.065323	0.997795	-0.011789	0.995329	0.064311	-0.071997
3967600	-18.0648	-7.8344	-12.8840	-0.069470	-0.016369	-0.997450	-0.065956	0.997753	-0.011781	0.995401	0.064969	-0.070394
3967724	-18.1006	-7.8387	-12.8862	-0.068197	-0.020520	-0.997461	-0.069828	0.997435	-0.015745	0.995225	0.068576	-0.069455
3967853	-18.1261	-7.8384	-12.8881	-0.067394	-0.019825	-0.997529	-0.069546	0.997464	-0.015125	0.995300	0.068355	-0.068602
3967975	-18.1454	-7.8340	-12.8914	-0.065917	-0.018974	-0.997645	-0.066859	0.997656	-0.014557	0.995583	0.065742	-0.067031
3968111	-18.1617	-7.8314	-12.8980	-0.064221	-0.022173	-0.997689	-0.067111	0.997586	-0.017851	0.995677	0.065810	-0.065554
3968226	-18.1753	-7.8350	-12.9004	-0.063592	-0.020648	-0.997762	-0.066338	0.997662	-0.016418	0.995769	0.065145	-0.064813
3968350	-18.1908	-7.8348	-12.9021	-0.063028	-0.019891	-0.997814	-0.065367	0.997737	-0.015760	0.995869	0.064231	-0.064186
3968475	-18.2078	-7.8348	-12.9034	-0.062609	-0.020728	-0.997823	-0.065571	0.997710	-0.016611	0.995882	0.064388	-0.063824
3968597	-18.2269	-7.8368	-12.9063	-0.061484	-0.020128	-0.997905	-0.066499	0.997658	-0.016026	0.995890	0.065374	-0.062679
3968718	-18.2465	-7.8345	-12.9109	-0.060472	-0.021085	-0.997947	-0.066192	0.997661	-0.017068	0.995973	0.065024	-0.061726
3968854	-18.2682	-7.8339	-12.9150	-0.059381	-0.019190	-0.998051	-0.065046	0.997765	-0.015314	0.996114	0.064010	-0.060496
3968976	-18.2927	-7.8327	-12.9187	-0.058097	-0.022011	-0.998068	-0.064976	0.997720	-0.018221	0.996194	0.063792	-0.059395
3969111	-18.3203	-7.8332	-12.9239	-0.056363	-0.019969	-0.998211	-0.064134	0.997808	-0.016339	0.996348	0.063098	-0.057521
3969225	-18.3515	-7.8379	-12.9243	-0.055047	-0.020381	-0.998276	-0.064413	0.997782	-0.016819	0.996404	0.063376	-0.056238
3969350	-18.3853	-7.8436	-12.9288	-0.053856	-0.014482	-0.998444	-0.064643	0.997848	-0.010987	0.996454	0.063951	-0.054677
3969472	-18.4155	-7.8464	-12.9331	-0.052601	-0.014946	-0.998504	-0.064955	0.997822	-0.011514	0.996501	0.064252	-0.053458
3969595	-18.4429	-7.8446	-12.9371	-0.050951	-0.014909	-0.998590	-0.063838	0.997892	-0.011642	0.996659	0.063155	-0.051795
3969725	-18.4709	-7.8439	-12.9402	-0.049357	-0.013357	-0.998692	-0.063197	0.997949	-0.010224	0.996780	0.062610	-0.050100
3969855	-18.4998	-7.8485	-12.9418	-0.048329	-0.010645	-0.998775	-0.063978	0.997923	-0.007540	0.996780	0.063535	-0.048909
3969977	-18.5272	-7.8507	-12.9442	-0.047526	-0.010713	-0.998813	-0.065415	0.997829	-0.007590	0.996726	0.064977	-0.048123
3970100	-18.5544	-7.8508	-12.9473	-0.046637	-0.011444	-0.998846	-0.065732	0.997802	-0.008363	0.996747	0.065266	-0.047286
3970230	-18.5818	-7.8530	-12.9520	-0.045500	-0.012785	-0.998883	-0.066464	0.997741	-0.009743	0.996751	0.065946	-0.046247
3970347	-18.6070	-7.8544	-12.9559	-0.044295	-0.012888	-0.998935	-0.066350	0.997747	-0.009930	0.996813	0.065839	-0.045050
3970473	-18.6303	-7.8562	-12.9603	-0.042235	-0.014493	-0.999003	-0.067350	0.997662	-0.011626	0.996835	0.066792	-0.043112
3970599	-18.6522	-7.8594	-12.9633	-0.040769	-0.014743	-0.999060	-0.067619	0.997640	-0.011963	0.996878	0.067068	-0.041670
3970723	-18.6702	-7.8629	-12.9637	-0.040863	-0.014022	-0.999066	-0.068002	0.997622	-0.011220	0.996848	0.067480	-0.041719
3970854	-18.6829	-7.8640	-12.9649	-0.040444	-0.014096	-0.999082	-0.068453	0.997590	-0.011304	0.996834	0.067933	-0.041311
3970975	-18.6902	-7.8646	-12.9655	-0.039736	-0.013108	-0.999124	-0.067965	0.997634	-0.010386	0.996896	0.067493	-0.040533
3971101	-18.6934	-7.8667	-12.9667	-0.039507	-0.012870	-0.999136	-0.068266	0.997615	-0.010151	0.996885	0.067806	-0.040292
3971224	-18.6923	-7.8665	-12.9668	-0.039680	-0.013133	-0.999126	-0.068197	0.997618	-0.010405	0.996882	0.067724	-0.040481
3971349	-18.6932	-7.8632	-12.9671	-0.039479	-0.012923	-0.999137	-0.067278	0.997682	-0.010246	0.996953	0.066815	-0.040257
3971474	-18.6952	-7.8650	-12.9669	-0.039246	-0.012710	-0.999149	-0.068016	0.997634	-0.010019	0.996912	0.067565	-0.040017
3971610	-18.6966	-7.8659	-12.9666	-0.039483	-0.012111	-0.999147	-0.067805	0.997654	-0.009413	0.996917	0.067375	-0.040212
3971724	-18.6982	-7.8655	-12.9662	-0.039276	-0.014203	-0.999127	-0.067967	0.997621	-0.011510	0.996914	0.067456	-0.040148
3971855	-18.6997	-7.8649	-12.9664	-0.039114	-0.013616	-0.999142	-0.067909	0.997632	-0.010937	0.996925	0.067423	-0.039946
3971976	-18.7006	-7.8648	-12.9666	-0.039072	-0.014653	-0.999129	-0.067952	0.997617	-0.011973	0.996923	0.067425	-0.039975
3972102	-18.7019	-7.8642	-12.9668	-0.039150	-0.013343	-0.999144	-0.067876	0.997637	-0.010663	0.996925	0.067401	-0.039963
3972230	-18.7050	-7.8654	-12.9671	-0.038907	-0.013340	-0.999154	-0.068027	0.997626	-0.010670	0.996925	0.067554	-0.039722
3972348	-18.7093	-7.8645	-12.9684	-0.039058	-0.013083	-0.999151	-0.068072	0.997626	-0.010402	0.996916	0.067608	-0.039856
3972475	-18.7151	-7.8627	-12.9688	-0.038812	-0.013612	-0.999154	-0.067846	0.997636	-0.010956	0.996941	0.067364	-0.039644
3972603	-18.7233	-7.8613	-12.9685	-0.038349	-0.017079	-0.999118	-0.068305	0.997560	-0.014430	0.996927	0.067691	-0.039422
3972725	-18.7321	-7.8604	-12.9687	-0.038006	-0.018968	-0.999097	-0.068654	0.997507	-0.016326	0.996916	0.067972	-0.039214
3972854	-18.7418	-7.8616	-12.9698	-0.037785	-0.019707	-0.999092	-0.069563	0.997432	-0.017043	0.996862	0.068856	-0.039059
3972976	-18.7523	-7.8616	-12.9714	-0.037550	-0.018440	-0.999125	-0.069229	0.997476	-0.015807	0.996894	0.068574	-0.038731
3973099	-18.7644	-7.8619	-12.9728	-0.037035	-0.020256	-0.999109	-0.069967	0.997394	-0.017628	0.996862	0.069251	-0.038356
3973221	-18.7779	-7.8619	-12.9754	-0.036092	-0.020521	-0.999138	-0.070031	0.997383	-0.017956	0.996892	0.069322	-0.037434
3973349	-18.7924	-7.8613	-12.9780	-0.035302	-0.020812	-0.999160	-0.070111	0.997371	-0.018298	0.996914	0.069406	-0.036669
3973475	-18.8092	-7.8608	-12.9806	-0.034152	-0.021329	-0.999189	-0.070693	0.997320	-0.018873	0.996913	0.069991	-0.035568
3973611	-18.8278	-7.8608	-12.9829	-0.032967	-0.018732	-0.999281	-0.069967	0.997415	-0.016389	0.997004	0.069376	-0.034192
3973723	-18.8459	-7.8654	-12.9846	-0.031885	-0.019083	-0.999309	-0.071070	0.997330	-0.016777	0.996962	0.070486	-0.033156
3973854	-18.8650	-7.8671	-12.9876	-0.030272	-0.019946	-0.999343	-0.071481	0.997284	-0.017740	0.996983	0.070896	-0.031616
3973972	-18.8842	-7.8679	-12.9898	-0.029607	-0.019613	-0.999369	-0.072169	0.997240	-0.017433	0.996953	0.071607	-0.030941
3974096	-18.9033	-7.8680	-12.9921	-0.028902	-0.019259	-0.999397	-0.072044	0.997254	-0.017134	0.996983	0.071505	-0.030210
3974233	-18.9227	-7.8683	-12.9943	-0.028132	-0.017857	-0.999445	-0.072263	0.997261	-0.015784	0.996989	0.071779	-0.029346
3974351	-18.9423	-7.8727	-12.9954	-0.027543	-0.019209	-0.999436	-0.073360	0.997158	-0.017143	0.996925	0.072846	-0.028874
3974476	-18.9631	-7.8741	-12.9962	-0.027351	-0.019208	-0.999441	-0.073785	0.997127	-0.017144	0.996899	0.073275	-0.028690
3974601	-18.9850	-7.8770	-12.9977	-0.026904	-0.014244	-0.999537	-0.073611	0.997212	-0.012229	0.996924	0.073248	-0.027878
3974725	-19.0085	-7.8765	-12.9994	-0.026152	-0.014021	-0.999560	-0.073962	0.997188	-0.012053	0.996918	0.073614	-0.027116
3974853	-19.0335	-7.8763	-13.0002	-0.025134	-0.015728	-0.999560	-0.074277	0.997142	-0.013822	0.996921	0.073897	-0.026231
3974974	-19.0601	-7.8801	-13.0008	-0.024413	-0.017178	-0.999554	-0.075415	0.997035	-0.015293	0.996853	0.075008	-0.025636
3975111	-19.0843	-7.8831	-13.0017	-0.024554	-0.016457	-0.999563	-0.076597	0.996956	-0.014533	0.996760	0.076207	-0.025740
3975226	-19.1074	-7.8849	-13.0027	-0.024294	-0.014204	-0.999604	-0.074855	0.997118	-0.012349	0.996898	0.074525	-0.025287
3975350	-19.1311	-7.8871	-13.0052	-0.023999	-0.011975	-0.999640	-0.074717	0.997153	-0.010152	0.996916	0.074446	-0.024825
3975476	-19.1549	-7.8899	-13.0064	-0.023327	-0.011908	-0.999657	-0.075692	0.997080	-0.010111	0.996858	0.075430	-0.024160
3975600	-19.1768	-7.8921	-13.0074	-0.022923	-0.011748	-0.999668	-0.076288	0.997036	-0.009967	0.996822	0.076034	-0.023751
3975723	-19.1973	-7.8933	-13.0085	-0.022040	-0.012044	-0.999685	-0.077275	0.996957	-0.010307	0.996766	0.077024	-0.022904
3975853	-19.2139	-7.8953	-13.0095	-0.021675	-0.012414	-0.999688	-0.077627	0.996925	-0.010697	0.996747	0.077371	-0.022573
3975974	-19.2277	-7.8963	-13.0105	-0.021271	-0.013398	-0.999684	-0.078066	0.996880	-0.011700	0.996721	0.077792	-0.022250
3976111	-19.2389	-7.8966	-13.0118	-0.020961	-0.013645	-0.999687	-0.077818	0.996896	-0.011975	0.996747	0.077543	-0.021958
3976225	-19.2462	-7.8952	-13.0126	-0.020651	-0.012913	-0.999703	-0.077095	0.996960	-0.011285	0.996810	0.076839	-0.021583
3976350	-19.2523	-7.8966	-13.0128	-0.020360	-0.014794	-0.999683	-0.077769	0.996884	-0.013169	0.996763	0.077476	-0.021447
3976474	-19.2560	-7.8970	-13.0134	-0.020339	-0.012938	-0.999709	-0.077011	0.996966	-0.011336	0.996823	0.076758	-0.021273
3976600	-19.2578	-7.8966	-13.0133	-0.020422	-0.011244	-0.999728	-0.076432	0.997028	-0.009652	0.996866	0.076214	-0.021220
3976723	-19.2598	-7.8955	-13.0138	-0.020384	-0.011999	-0.999720	-0.076627	0.997006	-0.010404	0.996851	0.076394	-0.021242
3976852	-19.2638	-7.8951	-13.0149	-0.019937	-0.012725	-0.999720	-0.076337	0.997019	-0.011169	0.996883	0.076093	-0.020849
3976975	-19.2678	-7.8961	-13.0148	-0.020034	-0.012390	-0.999723	-0.076821	0.996986	-0.010817	0.996844	0.076583	-0.020925
3977105	-19.2720	-7.8953	-13.0154	-0.019922	-0.012857	-0.999719	-0.076359	0.997016	-0.011300	0.996881	0.076112	-0.020844
3977226	-19.2775	-7.8957	-13.0144	-0.019879	-0.012284	-0.999727	-0.076226	0.997033	-0.010735	0.996892	0.075992	-0.020757
3977350	-19.2834	-7.8965	-13.0153	-0.019747	-0.012065	-0.999732	-0.076606	0.997006	-0.010519	0.996866	0.076378	-0.020613
3977474	-19.2906	-7.8969	-13.0149	-0.019387	-0.012130	-0.999738	-0.076298	0.997029	-0.010617	0.996897	0.076072	-0.020255
3977597	-19.2981	-7.8961	-13.0160	-0.019300	-0.012230	-0.999739	-0.076255	0.997031	-0.010725	0.996902	0.076028	-0.020176
3977719	-19.3090	-7.8961	-13.0157	-0.019019	-0.011913	-0.999748	-0.075931	0.997058	-0.010437	0.996932	0.075713	-0.019867
3977854	-19.3217	-7.8977	-13.0164	-0.018800	-0.011850	-0.999753	-0.076422	0.997022	-0.010380	0.996898	0.076208	-0.019650
3977975	-19.3365	-7.8993	-13.0156	-0.018930	-0.010602	-0.999765	-0.076988	0.996990	-0.009115	0.996852	0.076798	-0.019689
3978103	-19.3539	-7.9006	-13.0164	-0.018839	-0.009954	-0.999773	-0.076959	0.996998	-0.008476	0.996856	0.076782	-0.019548
3978229	-19.3747	-7.9024	-13.0161	-0.018592	-0.008364	-0.999792	-0.077040	0.997004	-0.006908	0.996855	0.076895	-0.019181
3978350	-19.3966	-7.9035	-13.0164	-0.018442	-0.006884	-0.999806	-0.077011	0.997015	-0.005444	0.996860	0.076896	-0.018917
3978474	-19.4207	-7.9037	-13.0186	-0.017572	-0.006866	-0.999822	-0.077156	0.997004	-0.005491	0.996864	0.077046	-0.018049
3978597	-19.4473	-7.9041	-13.0206	-0.016396	-0.007384	-0.999838	-0.077149	0.997001	-0.006098	0.996885	0.077036	-0.016917
3978724	-19.4742	-7.9049	-13.0215	-0.016094	-0.007517	-0.999842	-0.078261	0.996913	-0.006235	0.996803	0.078149	-0.016633
3978855	-19.5000	-7.9060	-13.0203	-0.016019	-0.005232	-0.999858	-0.078221	0.996928	-0.003964	0.996807	0.078146	-0.016379
3978975	-19.5223	-7.9097	-13.0195	-0.016288	-0.001262	-0.999867	-0.078141	0.996942	0.000015	0.996809	0.078131	-0.016336
3979106	-19.5457	-7.9117	-13.0203	-0.015756	-0.001152	-0.999875	-0.078578	0.996908	0.000090	0.996783	0.078569	-0.015798
3979225	-19.5684	-7.9157	-13.0228	-0.014772	-0.001843	-0.999889	-0.080574	0.996748	-0.000646	0.996639	0.080555	-0.014873
3979349	-19.5902	-7.9169	-13.0239	-0.013949	-0.003546	-0.999896	-0.080428	0.996758	-0.002413	0.996663	0.080386	-0.014189
3979473	-19.6111	-7.9177	-13.0251	-0.013314	-0.004956	-0.999899	-0.079967	0.996790	-0.003876	0.996709	0.079908	-0.013667
3979600	-19.6311	-7.9170	-13.0245	-0.013047	-0.005857	-0.999898	-0.079930	0.996789	-0.004796	0.996715	0.079859	-0.013473
3979724	-19.6487	-7.9159	-13.0242	-0.013263	-0.006849	-0.999889	-0.079977	0.996780	-0.005767	0.996709	0.079891	-0.013768
3979857	-19.6627	-7.9156	-13.0244	-0.013684	-0.005836	-0.999889	-0.079391	0.996832	-0.004732	0.996750	0.079317	-0.014104
3979975	-19.6748	-7.9150	-13.0259	-0.012874	-0.006543	-0.999896	-0.079614	0.996811	-0.005498	0.996743	0.079534	-0.013354
3980102	-19.6845	-7.9170	-13.0251	-0.013050	-0.004064	-0.999907	-0.079686	0.996815	-0.003011	0.996735	0.079639	-0.013332
3980235	-19.6907	-7.9160	-13.0250	-0.012991	-0.003589	-0.999909	-0.079304	0.996847	-0.002548	0.996766	0.079264	-0.013234
3980350	-19.6955	-7.9159	-13.0233	-0.013180	-0.003962	-0.999905	-0.079643	0.996819	-0.002900	0.996736	0.079597	-0.013454
3980478	-19.6962	-7.9156	-13.0235	-0.012990	-0.004435	-0.999906	-0.079833	0.996802	-0.003384	0.996724	0.079782	-0.013303
3980602	-19.6951	-7.9154	-13.0245	-0.012965	-0.003384	-0.999910	-0.079276	0.996850	-0.002346	0.996768	0.079239	-0.013193
3980725	-19.6956	-7.9155	-13.0244	-0.012950	-0.003968	-0.999908	-0.079299	0.996847	-0.002929	0.996767	0.079254	-0.013224
3980856	-19.6968	-7.9150	-13.0242	-0.012768	-0.003347	-0.999913	-0.079439	0.996837	-0.002322	0.996758	0.079403	-0.012993
3980976	-19.6984	-7.9129	-13.0246	-0.012851	-0.002941	-0.999913	-0.079002	0.996873	-0.001917	0.996792	0.078970	-0.013044
3981107	-19.7007	-7.9147	-13.0245	-0.013060	-0.002645	-0.999911	-0.079269	0.996852	-0.001602	0.996768	0.079241	-0.013228
3981225	-19.7042	-7.9160	-13.0252	-0.012607	-0.003350	-0.999915	-0.079675	0.996818	-0.002335	0.996741	0.079639	-0.012834
3981347	-19.7081	-7.9165	-13.0256	-0.012564	-0.001776	-0.999919	-0.079479	0.996836	-0.000772	0.996757	0.079463	-0.012666
3981475	-19.7132	-7.9168	-13.0254	-0.012563	-0.002914	-0.999917	-0.079254	0.996853	-0.001909	0.996775	0.079224	-0.012755
3981600	-19.7179	-7.9175	-13.0266	-0.012430	-0.001600	-0.999921	-0.078875	0.996884	-0.000615	0.996807	0.078861	-0.012517
3981724	-19.7233	-7.9155	-13.0274	-0.012317	-0.002292	-0.999922	-0.078855	0.996885	-0.001314	0.996810	0.078832	-0.012459
3981855	-19.7292	-7.9156	-13.0277	-0.012047	-0.002397	-0.999925	-0.078705	0.996897	-0.001442	0.996825	0.078682	-0.012198
3981979	-19.7355	-7.9172	-13.0280	-0.012045	-0.001611	-0.999926	-0.078632	0.996903	-0.000659	0.996831	0.078618	-0.012135
3982100	-19.7421	-7.9156	-13.0283	-0.011995	-0.001492	-0.999927	-0.078085	0.996947	-0.000551	0.996875	0.078072	-0.012074
3982221	-19.7486	-7.9163	-13.0283	-0.011941	-0.002674	-0.999925	-0.078524	0.996911	-0.001728	0.996841	0.078497	-0.012114
3982351	-19.7559	-7.9173	-13.0281	-0.011811	-0.002566	-0.999927	-0.077990	0.996953	-0.001637	0.996884	0.077965	-0.011975
3982477	-19.7633	-7.9160	-13.0283	-0.011483	-0.003365	-0.999928	-0.078079	0.996944	-0.002458	0.996881	0.078046	-0.011710
3982605	-19.7700	-7.9171	-13.0286	-0.011649	-0.001447	-0.999931	-0.077872	0.996963	-0.000536	0.996895	0.077860	-0.011726
3982725	-19.7773	-7.9181	-13.0278	-0.011978	-0.000274	-0.999928	-0.077475	0.996994	0.000655	0.996922	0.077477	-0.011963
3982855	-19.7842	-7.9187	-13.0286	-0.011684	-0.001343	-0.999931	-0.077611	0.996984	-0.000433	0.996915	0.077601	-0.011753
3982973	-19.7913	-7.9187	-13.0288	-0.011606	-0.000543	-0.999932	-0.077444	0.996997	0.000357	0.996929	0.077443	-0.011614
3983108	-19.7981	-7.9190	-13.0287	-0.011366	-0.001460	-0.999934	-0.076779	0.997048	-0.000583	0.996983	0.076768	-0.011445
3983227	-19.8053	-7.9176	-13.0301	-0.011272	-0.001489	-0.999935	-0.077117	0.997022	-0.000616	0.996958	0.077106	-0.011353
3983351	-19.8113	-7.9161	-13.0303	-0.011341	-0.002252	-0.999933	-0.077050	0.997026	-0.001372	0.996963	0.077029	-0.011481
3983475	-19.8161	-7.9151	-13.0318	-0.011023	-0.002443	-0.999936	-0.076720	0.997051	-0.001590	0.996992	0.076697	-0.011178
3983600	-19.8197	-7.9154	-13.0316	-0.011228	-0.002421	-0.999934	-0.076916	0.997036	-0.001550	0.996974	0.076893	-0.011381
3983724	-19.8230	-7.9144	-13.0320	-0.010862	-0.003217	-0.999936	-0.076672	0.997054	-0.002375	0.996997	0.076641	-0.011077
3983853	-19.8249	-7.9140	-13.0323	-0.010834	-0.003884	-0.999934	-0.076551	0.997061	-0.003043	0.997007	0.076513	-0.011099
3983973	-19.8272	-7.9132	-13.0321	-0.010654	-0.003597	-0.999937	-0.076291	0.997082	-0.002774	0.997029	0.076256	-0.010897
3984102	-19.8291	-7.9133	-13.0326	-0.010701	-0.003233	-0.999938	-0.076373	0.997076	-0.002406	0.997022	0.076342	-0.010916
3984225	-19.8328	-7.9127	-13.0326	-0.010766	-0.003931	-0.999934	-0.076411	0.997072	-0.003097	0.997018	0.076373	-0.011035
3984350	-19.8380	-7.9138	-13.0330	-0.010705	-0.003871	-0.999935	-0.076529	0.997063	-0.003041	0.997010	0.076491	-0.010970
3984475	-19.8444	-7.9132	-13.0331	-0.010581	-0.003731	-0.999937	-0.076105	0.997096	-0.002915	0.997044	0.076070	-0.010834
3984603	-19.8493	-7.9135	-13.0339	-0.010403	-0.004369	-0.999936	-0.076811	0.997039	-0.003557	0.996991	0.076769	-0.010707
3984723	-19.8478	-7.9155	-13.0336	-0.010512	-0.004263	-0.999936	-0.077960	0.996951	-0.003431	0.996901	0.077919	-0.010812
3984854	-19.8451	-7.9114	-13.0340	-0.010382	-0.003818	-0.999939	-0.075835	0.997116	-0.003020	0.997066	0.075799	-0.010642
3984975	-19.8457	-7.9110	-13.0340	-0.010495	-0.005756	-0.999928	-0.076377	0.997067	-0.004938	0.997024	0.076319	-0.010904
3985111	-19.8480	-7.9127	-13.0350	-0.010325	-0.004379	-0.999937	-0.076853	0.997036	-0.003573	0.996989	0.076811	-0.010631
3985225	-19.8462	-7.9134	-13.0358	-0.010202	-0.003375	-0.999942	-0.077005	0.997027	-0.002580	0.996979	0.076974	-0.010432
3985350	-19.8447	-7.9117	-13.0350	-0.010731	-0.003242	-0.999937	-0.076255	0.997085	-0.002414	0.997031	0.076224	-0.010947
3985475	-19.8457	-7.9107	-13.0359	-0.010534	-0.002611	-0.999941	-0.076209	0.997090	-0.001801	0.997036	0.076186	-0.010702
3985600	-19.8464	-7.9102	-13.0370	-0.010536	-0.002552	-0.999941	-0.076705	0.997052	-0.001736	0.996998	0.076682	-0.010701
3985723	-19.8465	-7.9101	-13.0381	-0.010511	-0.003840	-0.999937	-0.076468	0.997067	-0.003026	0.997017	0.076431	-0.010774
3985853	-19.8456	-7.9067	-13.0374	-0.010449	-0.004537	-0.999935	-0.075849	0.997112	-0.003732	0.997065	0.075805	-0.010763
3985975	-19.8455	-7.9070	-13.0379	-0.010636	-0.003576	-0.999937	-0.076392	0.997074	-0.002753	0.997021	0.076358	-0.010878
3986104	-19.8465	-7.9062	-13.0385	-0.010574	-0.004418	-0.999934	-0.076959	0.997028	-0.003592	0.996978	0.076916	-0.010883
3986226	-19.8458	-7.9091	-13.0381	-0.010680	-0.003992	-0.999935	-0.077451	0.996991	-0.003153	0.996939	0.077412	-0.010957
3986350	-19.8455	-7.9102	-13.0377	-0.010882	-0.003567	-0.999934	-0.077337	0.997001	-0.002714	0.996946	0.077303	-0.011125
3986474	-19.8466	-7.9093	-13.0382	-0.010205	-0.003899	-0.999940	-0.076395	0.997073	-0.003108	0.997025	0.076359	-0.010473
3986598	-19.8464	-7.9091	-13.0373	-0.010399	-0.003615	-0.999939	-0.076298	0.997081	-0.002812	0.997031	0.076264	-0.010645
3986719	-19.8461	-7.9066	-13.0384	-0.010378	-0.003629	-0.999940	-0.076371	0.997075	-0.002826	0.997025	0.076337	-0.010625
3986855	-19.8465	-7.9071	-13.0374	-0.010627	-0.003635	-0.999937	-0.076176	0.997090	-0.002815	0.997038	0.076141	-0.010873
3986977	-19.8463	-7.9070	-13.0379	-0.010085	-0.005282	-0.999935	-0.076639	0.997049	-0.004494	0.997008	0.076588	-0.010460
3987111	-19.8462	-7.9052	-13.0384	-0.010163	-0.005181	-0.999935	-0.076311	0.997074	-0.004391	0.997032	0.076261	-0.010528
3987225	-19.8454	-7.9102	-13.0373	-0.010336	-0.003811	-0.999939	-0.076193	0.997089	-0.003012	0.997040	0.076157	-0.010596
3987350	-19.8458	-7.9116	-13.0373	-0.010185	-0.003268	-0.999943	-0.076436	0.997071	-0.002480	0.997023	0.076406	-0.010405
3987473	-19.8454	-7.9109	-13.0376	-0.010753	-0.002694	-0.999939	-0.076443	0.997072	-0.001864	0.997016	0.076418	-0.010928
3987596	-19.8453	-7.9098	-13.0375	-0.010476	-0.003780	-0.999938	-0.076544	0.997062	-0.002967	0.997011	0.076508	-0.010734
3987724	-19.8452	-7.9089	-13.0379	-0.010195	-0.004929	-0.999936	-0.076500	0.997061	-0.004135	0.997017	0.076453	-0.010542
3987856	-19.8448	-7.9082	-13.0385	-0.010390	-0.003344	-0.999940	-0.076707	0.997050	-0.002537	0.997000	0.076676	-0.010616
3987976	-19.8454	-7.9068	-13.0391	-0.010428	-0.003802	-0.999938	-0.076382	0.997074	-0.002994	0.997024	0.076346	-0.010688
3988106	-19.8449	-7.9064	-13.0394	-0.010421	-0.004758	-0.999934	-0.076821	0.997037	-0.003944	0.996990	0.076775	-0.010756
3988226	-19.8443	-7.9109	-13.0364	-0.010553	-0.003555	-0.999938	-0.077269	0.997007	-0.002730	0.996954	0.077236	-0.010796
3988348	-19.8432	-7.9110	-13.0366	-0.010906	-0.003896	-0.999933	-0.077880	0.996958	-0.003035	0.996903	0.077842	-0.011176
3988473	-19.8417	-7.9098	-13.0362	-0.010538	-0.003221	-0.999939	-0.076376	0.997076	-0.002407	0.997023	0.076346	-0.010753
3988599	-19.8381	-7.9098	-13.0373	-0.010246	-0.004319	-0.999938	-0.076841	0.997037	-0.003519	0.996991	0.076800	-0.010548
3988724	-19.8337	-7.9095	-13.0358	-0.010405	-0.004066	-0.999938	-0.076793	0.997042	-0.003255	0.996993	0.076755	-0.010687
3988854	-19.8282	-7.9082	-13.0356	-0.010642	-0.004820	-0.999932	-0.076892	0.997031	-0.003988	0.996983	0.076844	-0.010981
3988975	-19.8211	-7.9090	-13.0353	-0.010415	-0.005343	-0.999931	-0.077210	0.997005	-0.004523	0.996960	0.077158	-0.010796
3989111	-19.8129	-7.9099	-13.0343	-0.010536	-0.004837	-0.999933	-0.077562	0.996979	-0.004006	0.996932	0.077515	-0.010879
3989224	-19.8043	-7.9158	-13.0330	-0.011196	-0.000358	-0.999937	-0.077450	0.996996	0.000510	0.996933	0.077451	-0.011190
3989350	-19.7946	-7.9164	-13.0321	-0.011096	-0.001159	-0.999938	-0.077473	0.996994	-0.000296	0.996933	0.077465	-0.011152
3989475	-19.7846	-7.9163	-13.0329	-0.011198	-0.001319	-0.999936	-0.077932	0.996959	-0.000443	0.996896	0.077923	-0.011267
3989599	-19.7742	-7.9157	-13.0323	-0.010993	-0.002359	-0.999937	-0.078269	0.996931	-0.001491	0.996872	0.078248	-0.011144
3989724	-19.7632	-7.9160	-13.0322	-0.010934	-0.002488	-0.999937	-0.078685	0.996898	-0.001620	0.996840	0.078662	-0.011096
3989854	-19.7514	-7.9156	-13.0313	-0.011147	-0.002471	-0.999935	-0.078570	0.996907	-0.001588	0.996846	0.078547	-0.011307
3989975	-19.7387	-7.9150	-13.0309	-0.011333	-0.002444	-0.999933	-0.078441	0.996918	-0.001548	0.996854	0.078418	-0.011490
3990101	-19.7243	-7.9148	-13.0302	-0.011643	-0.002635	-0.999929	-0.078545	0.996909	-0.001713	0.996843	0.078519	-0.011814
3990232	-19.7097	-7.9143	-13.0290	-0.011800	-0.003798	-0.999923	-0.078739	0.996891	-0.002857	0.996825	0.078699	-0.012063
3990347	-19.6939	-7.9143	-13.0283	-0.012095	-0.003962	-0.999919	-0.078851	0.996882	-0.002996	0.996813	0.078809	-0.012370
3990477	-19.6785	-7.9150	-13.0262	-0.012784	-0.005561	-0.999903	-0.079371	0.996835	-0.004529	0.996763	0.079305	-0.013184
3990599	-19.6643	-7.9162	-13.0267	-0.012409	-0.006105	-0.999904	-0.079640	0.996811	-0.005098	0.996746	0.079569	-0.012855
3990724	-19.6500	-7.9166	-13.0267	-0.012261	-0.004769	-0.999913	-0.079517	0.996826	-0.003779	0.996758	0.079464	-0.012602
