META	HEADER	GNSS location/orientation script
META	VERSION	1.0.1
META	FORMAT	ASCII
META	CONTENT	DEFAULT
META	TIMESTAMPS	UPTIME
META	END
Uptime	Origin_X	Origin_Y	Origin_Z	Basis_XX	Basis_XY	Basis_XZ	Basis_YX	Basis_YY	Basis_YZ	Basis_ZX	Basis_ZY	Basis_ZZ
461128	-15.2341	-8.7176	12.8390	0.908346	0.068511	0.412569	-0.065872	0.997615	-0.020634	-0.412998	-0.008433	0.910693
461244	-15.2344	-8.7182	12.8390	0.908355	0.068687	0.412522	-0.065248	0.997617	-0.022436	-0.413080	-0.006536	0.910671
461365	-15.2340	-8.7187	12.8392	0.908293	0.068566	0.412676	-0.065773	0.997614	-0.020988	-0.413131	-0.008079	0.910636
461489	-15.2346	-8.7193	12.8385	0.908311	0.068367	0.412670	-0.065380	0.997632	-0.021372	-0.413154	-0.007568	0.910630
461611	-15.2347	-8.7188	12.8386	0.908356	0.068210	0.412597	-0.065437	0.997639	-0.020866	-0.413046	-0.008045	0.910675
461744	-15.2348	-8.7186	12.8391	0.908445	0.068306	0.412386	-0.065317	0.997636	-0.021358	-0.412870	-0.007533	0.910759
461865	-15.2346	-8.7197	12.8389	0.908159	0.068593	0.412967	-0.065898	0.997610	-0.020784	-0.413405	-0.008339	0.910509
461997	-15.2347	-8.7189	12.8390	0.908254	0.068536	0.412768	-0.065560	0.997619	-0.021386	-0.413251	-0.007638	0.910585
462115	-15.2334	-8.7187	12.8399	0.908267	0.068750	0.412704	-0.066205	0.997596	-0.020483	-0.413120	-0.008719	0.910635
462244	-15.2338	-8.7183	12.8395	0.908433	0.068781	0.412332	-0.066000	0.997599	-0.020999	-0.412787	-0.008137	0.910791
462363	-15.2338	-8.7183	12.8392	0.908257	0.068756	0.412724	-0.066160	0.997596	-0.020596	-0.413148	-0.008600	0.910623
462485	-15.2338	-8.7177	12.8395	0.908326	0.068950	0.412541	-0.066526	0.997579	-0.020255	-0.412939	-0.009046	0.910714
462614	-15.2334	-8.7177	12.8388	0.908323	0.067942	0.412714	-0.064783	0.997664	-0.021660	-0.413221	-0.007063	0.910603
462745	-15.2331	-8.7183	12.8398	0.908092	0.068013	0.413211	-0.064653	0.997662	-0.022127	-0.413750	-0.006622	0.910367
462866	-15.2335	-8.7186	12.8391	0.908257	0.068645	0.412742	-0.065757	0.997610	-0.021217	-0.413212	-0.007870	0.910601
462999	-15.2333	-8.7186	12.8388	0.908049	0.068369	0.413246	-0.064992	0.997638	-0.022242	-0.413790	-0.006661	0.910348
463129	-15.2330	-8.7179	12.8394	0.908214	0.068518	0.412860	-0.065767	0.997616	-0.020890	-0.413307	-0.008180	0.910555
463242	-15.2332	-8.7177	12.8390	0.908177	0.068405	0.412959	-0.065261	0.997632	-0.021732	-0.413468	-0.007214	0.910490
463361	-15.2331	-8.7182	12.8389	0.908124	0.068450	0.413069	-0.065915	0.997617	-0.020404	-0.413481	-0.008698	0.910471
463490	-15.2328	-8.7190	12.8388	0.908116	0.068218	0.413123	-0.065741	0.997632	-0.020227	-0.413525	-0.008791	0.910451
463613	-15.2328	-8.7185	12.8395	0.908196	0.068669	0.412873	-0.065817	0.997608	-0.021144	-0.413337	-0.007971	0.910543
463744	-15.2325	-8.7185	12.8388	0.908219	0.068258	0.412890	-0.065967	0.997625	-0.019818	-0.413262	-0.009238	0.910565
463866	-15.2330	-8.7183	12.8388	0.908359	0.068718	0.412507	-0.066320	0.997595	-0.020146	-0.412899	-0.009058	0.910732
463998	-15.2324	-8.7178	12.8391	0.908244	0.068227	0.412841	-0.065356	0.997639	-0.021089	-0.413305	-0.007827	0.910559
464114	-15.2337	-8.7191	12.8396	0.908342	0.068408	0.412596	-0.065502	0.997627	-0.021200	-0.413067	-0.007769	0.910667
464242	-15.2335	-8.7195	12.8395	0.908463	0.068526	0.412310	-0.065704	0.997617	-0.021037	-0.412770	-0.007979	0.910800
464365	-15.2334	-8.7200	12.8398	0.908200	0.068026	0.412971	-0.064646	0.997662	-0.022170	-0.413514	-0.006562	0.910474
464489	-15.2329	-8.7204	12.8400	0.908310	0.068005	0.412732	-0.064682	0.997663	-0.022036	-0.413266	-0.006681	0.910586
464613	-15.2333	-8.7200	12.8404	0.908340	0.068671	0.412556	-0.065871	0.997607	-0.021025	-0.413013	-0.008077	0.910689
464745	-15.2324	-8.7199	12.8404	0.908281	0.067940	0.412808	-0.064650	0.997667	-0.021951	-0.413336	-0.006750	0.910554
464864	-15.2325	-8.7202	12.8407	0.908376	0.068382	0.412525	-0.065297	0.997632	-0.021588	-0.413024	-0.007327	0.910691
464990	-15.2325	-8.7200	12.8402	0.908238	0.068182	0.412862	-0.065190	0.997645	-0.021347	-0.413345	-0.007526	0.910544
465127	-15.2319	-8.7204	12.8408	0.908259	0.068496	0.412765	-0.065309	0.997626	-0.021842	-0.413281	-0.007119	0.910576
465243	-15.2319	-8.7207	12.8400	0.908244	0.068774	0.412751	-0.065456	0.997609	-0.022191	-0.413290	-0.006862	0.910574
465368	-15.2318	-8.7198	12.8405	0.908063	0.069529	0.413023	-0.065426	0.997567	-0.024087	-0.413692	-0.005150	0.910402
465491	-15.2326	-8.7186	12.8400	0.908246	0.068589	0.412777	-0.064752	0.997629	-0.023295	-0.413396	-0.005571	0.910534
465613	-15.2328	-8.7197	12.8406	0.908336	0.068005	0.412675	-0.064294	0.997668	-0.022890	-0.413269	-0.005741	0.910591
465744	-15.2322	-8.7194	12.8402	0.908286	0.067974	0.412791	-0.064521	0.997667	-0.022318	-0.413345	-0.006363	0.910552
465865	-15.2327	-8.7198	12.8407	0.908356	0.068251	0.412592	-0.064850	0.997647	-0.022257	-0.413140	-0.006539	0.910644
465996	-15.2319	-8.7193	12.8402	0.908434	0.068126	0.412441	-0.064445	0.997660	-0.022846	-0.413032	-0.005825	0.910698
466112	-15.2334	-8.7176	12.8391	0.908290	0.068148	0.412753	-0.065351	0.997643	-0.020906	-0.413205	-0.007985	0.910603
466245	-15.2327	-8.7174	12.8394	0.908340	0.068550	0.412576	-0.065334	0.997623	-0.021916	-0.413097	-0.007048	0.910660
466364	-15.2330	-8.7164	12.8389	0.908229	0.068061	0.412902	-0.064906	0.997656	-0.021680	-0.413409	-0.007110	0.910518
466490	-15.2330	-8.7170	12.8392	0.908273	0.068258	0.412771	-0.064811	0.997647	-0.022365	-0.413327	-0.006439	0.910560
466614	-15.2332	-8.7168	12.8390	0.908119	0.067636	0.413213	-0.064398	0.997687	-0.021778	-0.413730	-0.006834	0.910374
466744	-15.2332	-8.7173	12.8392	0.908240	0.067674	0.412942	-0.064408	0.997685	-0.021842	-0.413464	-0.006759	0.910495
466863	-15.2329	-8.7169	12.8387	0.908124	0.067590	0.413210	-0.064049	0.997695	-0.022435	-0.413773	-0.006092	0.910360
466988	-15.2327	-8.7177	12.8392	0.908305	0.068202	0.412712	-0.065249	0.997642	-0.021262	-0.413189	-0.007617	0.910613
467128	-15.2335	-8.7167	12.8388	0.908271	0.067779	0.412855	-0.065013	0.997668	-0.020760	-0.413299	-0.007985	0.910560
467246	-15.2329	-8.7181	12.8383	0.908197	0.068128	0.412960	-0.064908	0.997652	-0.021840	-0.413479	-0.006969	0.910487
467365	-15.2333	-8.7175	12.8387	0.908266	0.067746	0.412871	-0.065028	0.997670	-0.020649	-0.413308	-0.008093	0.910555
467491	-15.2329	-8.7167	12.8376	0.908274	0.068215	0.412778	-0.064979	0.997647	-0.021889	-0.413299	-0.006941	0.910569
467613	-15.2329	-8.7178	12.8380	0.908168	0.067781	0.413082	-0.064906	0.997670	-0.021007	-0.413543	-0.007734	0.910452
467742	-15.2329	-8.7172	12.8368	0.908340	0.068121	0.412647	-0.065004	0.997651	-0.021605	-0.413150	-0.007199	0.910635
467860	-15.2330	-8.7184	12.8374	0.908220	0.068563	0.412839	-0.065590	0.997617	-0.021387	-0.413321	-0.007653	0.910553
467996	-15.2333	-8.7174	12.8359	0.908167	0.068831	0.412910	-0.066009	0.997596	-0.021116	-0.413371	-0.008078	0.910527
468114	-15.2332	-8.7167	12.8370	0.908342	0.069151	0.412471	-0.066406	0.997572	-0.021004	-0.412922	-0.008312	0.910729
468243	-15.2336	-8.7169	12.8371	0.908400	0.069304	0.412317	-0.066558	0.997561	-0.021036	-0.412770	-0.008334	0.910797
468364	-15.2338	-8.7154	12.8362	0.908331	0.069686	0.412407	-0.067003	0.997532	-0.020982	-0.412851	-0.008574	0.910758
468489	-15.2341	-8.7153	12.8363	0.908278	0.070455	0.412393	-0.068085	0.997470	-0.020457	-0.412791	-0.009498	0.910776
468611	-15.2311	-8.7012	12.8435	0.906529	0.078915	0.414701	-0.076191	0.996825	-0.023139	-0.415210	-0.010620	0.909663
468742	-15.2172	-8.6719	12.8569	0.904125	0.096463	0.416236	-0.089767	0.995323	-0.035681	-0.417731	-0.005104	0.908556
468865	-15.1992	-8.6294	12.8633	0.901616	0.109138	0.418543	-0.098714	0.994026	-0.046552	-0.421123	0.000656	0.907003
468996	-15.1783	-8.5916	12.8696	0.899243	0.112623	0.422703	-0.099876	0.993626	-0.052265	-0.425895	0.004781	0.904760
469134	-15.1638	-8.5382	12.8833	0.899430	0.108790	0.423309	-0.092484	0.993968	-0.058943	-0.427168	0.013866	0.904066
469243	-15.1492	-8.4735	12.9058	0.899190	0.102094	0.425482	-0.085950	0.994666	-0.057028	-0.429034	0.014709	0.903168
469363	-15.1369	-8.3922	12.9450	0.898629	0.102323	0.426611	-0.080821	0.994388	-0.068261	-0.431201	0.026862	0.901856
469489	-15.1181	-8.2973	12.9894	0.897054	0.094521	0.431694	-0.070031	0.994920	-0.072317	-0.436336	0.034640	0.899117
469612	-15.0968	-8.2034	13.0368	0.896765	0.095889	0.431992	-0.063506	0.994022	-0.088810	-0.437925	0.052207	0.897494
469742	-15.0673	-8.0933	13.0874	0.896195	0.097815	0.432742	-0.055750	0.992490	-0.108882	-0.440143	0.073455	0.894918
469863	-15.0429	-8.0106	13.1424	0.895600	0.106277	0.431979	-0.055576	0.990166	-0.128382	-0.441375	0.090971	0.892699
469998	-15.0234	-7.9498	13.2065	0.892582	0.122245	0.433997	-0.062764	0.986860	-0.148886	-0.446495	0.105654	0.888526
470114	-15.0078	-7.9118	13.2803	0.887496	0.127822	0.442733	-0.066192	0.986157	-0.152028	-0.456037	0.105618	0.883671
470243	-14.9975	-7.8823	13.3551	0.881821	0.136038	0.451538	-0.070661	0.984795	-0.158700	-0.466261	0.108038	0.878025
470364	-14.9890	-7.8626	13.4344	0.877725	0.141313	0.457854	-0.076579	0.984611	-0.157086	-0.473006	0.102817	0.875039
470488	-14.9756	-7.8317	13.4888	0.873769	0.132720	0.467882	-0.069954	0.986338	-0.149146	-0.481284	0.097589	0.871115
470610	-14.9638	-7.8082	13.5455	0.869938	0.122849	0.477616	-0.071101	0.989601	-0.125035	-0.488009	0.074814	0.869626
470744	-14.9527	-7.7903	13.5911	0.866460	0.106611	0.487732	-0.062296	0.992386	-0.106251	-0.495345	0.061679	0.866504
470864	-14.9344	-7.7770	13.6306	0.863946	0.086365	0.496124	-0.049527	0.994980	-0.086959	-0.501143	0.050556	0.863886
470996	-14.9149	-7.7640	13.6697	0.862025	0.068009	0.502282	-0.038236	0.996859	-0.069353	-0.505421	0.040579	0.861918
471132	-14.8859	-7.7593	13.7168	0.860621	0.049827	0.506802	-0.022752	0.997970	-0.059479	-0.508737	0.039658	0.860008
471243	-14.8452	-7.7540	13.7629	0.859729	0.028616	0.509948	-0.010780	0.999224	-0.037897	-0.510636	0.027084	0.859370
471362	-14.8020	-7.7459	13.8104	0.858823	0.010585	0.512162	0.005704	0.999527	-0.030221	-0.512240	0.028876	0.858357
471485	-14.7543	-7.7353	13.8583	0.855680	-0.004357	0.517487	0.014051	0.999792	-0.014815	-0.517315	0.019948	0.855563
471613	-14.7146	-7.7228	13.8936	0.851328	-0.013328	0.524465	0.017460	0.999843	-0.002932	-0.524343	0.011653	0.851427
471744	-14.6808	-7.7202	13.9198	0.845730	-0.012679	0.533460	0.007987	0.999906	0.011104	-0.533551	-0.005130	0.845752
471863	-14.6447	-7.7127	13.9286	0.840573	-0.013272	0.541536	-0.000607	0.999676	0.025441	-0.541698	-0.021714	0.840292
471996	-14.6050	-7.7106	13.9261	0.836157	-0.011681	0.548365	-0.008148	0.999398	0.033713	-0.548429	-0.032657	0.835559
472114	-14.5615	-7.7067	13.9082	0.831789	-0.005793	0.555061	-0.017724	0.999159	0.036988	-0.554809	-0.040604	0.830987
472252	-14.5160	-7.7131	13.8836	0.827583	-0.000346	0.561343	-0.025091	0.998978	0.037607	-0.560782	-0.045207	0.826728
472361	-14.4636	-7.7068	13.8582	0.823042	0.005938	0.567949	-0.030343	0.998977	0.033528	-0.567169	-0.044828	0.822381
472490	-14.4125	-7.6982	13.8313	0.817772	0.010197	0.575452	-0.033015	0.999028	0.029214	-0.574595	-0.042889	0.817314
472614	-14.3683	-7.6919	13.8015	0.810563	0.016301	0.585425	-0.039186	0.998882	0.026443	-0.584339	-0.044374	0.810295
472743	-14.3305	-7.6899	13.7773	0.804540	0.021750	0.593500	-0.044427	0.998733	0.023624	-0.592234	-0.045374	0.804487
472865	-14.2879	-7.6910	13.7494	0.798659	0.024375	0.601290	-0.042953	0.998940	0.016556	-0.600249	-0.039050	0.798859
472997	-14.2390	-7.6897	13.7117	0.794834	0.026291	0.606257	-0.038451	0.999235	0.007077	-0.605608	-0.028936	0.795237
473129	-14.1842	-7.6888	13.6682	0.791894	0.023877	0.610191	-0.031678	0.999496	0.002001	-0.609836	-0.020914	0.792252
473240	-14.1307	-7.6897	13.6263	0.788730	0.020550	0.614396	-0.027100	0.999632	0.001355	-0.614142	-0.017719	0.788997
473363	-14.0920	-7.6803	13.5866	0.784594	0.017508	0.619762	-0.026319	0.999641	0.005080	-0.619451	-0.020297	0.784773
473488	-14.0555	-7.6740	13.5563	0.781413	0.014012	0.623857	-0.026953	0.999573	0.011309	-0.623432	-0.025652	0.781457
473613	-14.0284	-7.6631	13.5337	0.778204	0.004681	0.627994	-0.022029	0.999560	0.019847	-0.627625	-0.029279	0.777965
473743	-14.0109	-7.6596	13.5095	0.774723	-0.004334	0.632285	-0.013445	0.999637	0.023326	-0.632157	-0.026573	0.774384
473864	-14.0078	-7.6604	13.4862	0.769869	-0.012140	0.638087	-0.005166	0.999668	0.025253	-0.638181	-0.022738	0.769550
473996	-14.0087	-7.6720	13.4578	0.763698	-0.019688	0.645274	0.005024	0.999686	0.024557	-0.645554	-0.015512	0.763557
474114	-14.0161	-7.6828	13.4310	0.757433	-0.025264	0.652424	0.018113	0.999680	0.017683	-0.652662	-0.001576	0.757648
474240	-14.0265	-7.6863	13.4030	0.751038	-0.029929	0.659580	0.028399	0.999512	0.013017	-0.659648	0.008955	0.751522
474363	-14.0371	-7.6835	13.3851	0.744730	-0.036603	0.666361	0.036971	0.999224	0.013568	-0.666341	0.014532	0.745506
474488	-14.0510	-7.6899	13.3586	0.740225	-0.030442	0.671669	0.034583	0.999376	0.007182	-0.671469	0.017912	0.740816
474613	-14.0604	-7.6932	13.3420	0.738353	-0.017612	0.674184	0.028901	0.999567	-0.005540	-0.673795	0.023576	0.738542
474744	-14.0612	-7.6865	13.3384	0.739318	-0.008288	0.673305	0.023162	0.999646	-0.013128	-0.672958	0.025301	0.739248
474863	-14.0588	-7.6898	13.3343	0.740772	-0.004191	0.671744	0.022059	0.999593	-0.018089	-0.671395	0.028218	0.740562
474989	-14.0560	-7.6943	13.3367	0.742361	-0.003883	0.669989	0.024437	0.999475	-0.021283	-0.669554	0.032172	0.742066
475128	-14.0578	-7.6963	13.3378	0.745568	-0.009513	0.666362	0.030950	0.999313	-0.020363	-0.665711	0.035806	0.745350
475243	-14.0570	-7.6868	13.3343	0.747834	-0.016945	0.663669	0.034420	0.999319	-0.013270	-0.662993	0.032768	0.747908
475368	-14.0548	-7.6739	13.3313	0.751524	-0.024337	0.659256	0.027577	0.999605	0.005465	-0.659129	0.014074	0.751899
475491	-14.0537	-7.6620	13.3310	0.755190	-0.031823	0.654733	0.011363	0.999306	0.035464	-0.655408	-0.019342	0.755028
475614	-14.0549	-7.6448	13.3315	0.757780	-0.038779	0.651357	-0.018972	0.996501	0.081400	-0.652234	-0.074041	0.754393
475744	-14.0573	-7.6241	13.3307	0.756789	-0.043759	0.652193	-0.060972	0.988681	0.137086	-0.650810	-0.143511	0.745555
475862	-14.0580	-7.5997	13.3320	0.753398	-0.046705	0.655904	-0.108038	0.975127	0.193532	-0.648629	-0.216669	0.729613
475992	-14.0578	-7.5735	13.3337	0.747578	-0.046158	0.662568	-0.158221	0.956486	0.245156	-0.645052	-0.288105	0.707745
476114	-14.0582	-7.5588	13.3420	0.741222	-0.048786	0.669485	-0.197392	0.937418	0.286853	-0.641581	-0.344772	0.685205
476243	-14.0566	-7.5446	13.3481	0.733652	-0.048075	0.677823	-0.233109	0.919159	0.317502	-0.638291	-0.390943	0.663136
476366	-14.0563	-7.5349	13.3512	0.728792	-0.046096	0.683182	-0.259704	0.904577	0.338076	-0.633574	-0.423812	0.647277
476488	-14.0551	-7.5273	13.3579	0.721233	-0.043011	0.691355	-0.283592	0.892258	0.351357	-0.631979	-0.449473	0.631329
476613	-14.0541	-7.5254	13.3647	0.709995	-0.039990	0.703070	-0.302572	0.884208	0.355845	-0.635891	-0.465378	0.615684
476742	-14.0509	-7.5202	13.3657	0.690342	-0.032728	0.722743	-0.315588	0.885303	0.341529	-0.651024	-0.463861	0.600834
476860	-14.0443	-7.5217	13.3692	0.666272	-0.020763	0.745420	-0.327090	0.890182	0.317156	-0.670144	-0.455131	0.586312
476990	-14.0343	-7.5233	13.3792	0.634662	-0.007495	0.772754	-0.339185	0.895787	0.287261	-0.694376	-0.444420	0.565980
477122	-14.0225	-7.5206	13.3826	0.592480	0.006492	0.805559	-0.344296	0.906080	0.245924	-0.728305	-0.423056	0.539069
477246	-14.0110	-7.5228	13.3950	0.541269	0.017938	0.840658	-0.345664	0.916135	0.203012	-0.766515	-0.400469	0.502076
477363	-13.9942	-7.5270	13.4098	0.481460	0.031223	0.875912	-0.346446	0.924759	0.157466	-0.805091	-0.379270	0.456051
477488	-13.9830	-7.5347	13.4268	0.428206	0.033479	0.903061	-0.345515	0.929452	0.129376	-0.835020	-0.367420	0.409565
477610	-13.9744	-7.5441	13.4318	0.400084	0.035869	0.915776	-0.345944	0.931222	0.114662	-0.848679	-0.362682	0.384976
477741	-13.9759	-7.5471	13.4310	0.404118	0.024970	0.914366	-0.349323	0.928074	0.129044	-0.845377	-0.371558	0.383774
477864	-13.9849	-7.5458	13.4255	0.443922	0.008060	0.896029	-0.345172	0.924330	0.162695	-0.826916	-0.381508	0.413113
477996	-14.0012	-7.5421	13.4049	0.514902	-0.009003	0.857202	-0.325177	0.923161	0.205022	-0.793181	-0.384309	0.472410
478114	-14.0232	-7.5426	13.3847	0.605802	-0.031325	0.794999	-0.280037	0.926888	0.249915	-0.744704	-0.374028	0.552738
478243	-14.0484	-7.5433	13.3679	0.700681	-0.049373	0.711764	-0.223172	0.932377	0.284372	-0.677673	-0.358100	0.642281
478365	-14.0813	-7.5433	13.3462	0.790689	-0.051549	0.610044	-0.171764	0.937749	0.301867	-0.587629	-0.343466	0.732614
478489	-14.1132	-7.5490	13.3373	0.860702	-0.055475	0.506077	-0.120649	0.943504	0.308617	-0.494606	-0.326685	0.805383
478614	-14.1440	-7.5500	13.3222	0.911004	-0.049244	0.409447	-0.084061	0.949828	0.301267	-0.403740	-0.308873	0.861157
478743	-14.1623	-7.5474	13.3159	0.942431	-0.040278	0.331967	-0.065954	0.950831	0.302605	-0.327833	-0.307079	0.893436
478863	-14.1728	-7.5476	13.3118	0.956609	-0.029479	0.289879	-0.061960	0.951534	0.301236	-0.284710	-0.306126	0.908420
478997	-14.1758	-7.5626	13.3118	0.960443	-0.016407	0.277994	-0.065797	0.956628	0.283783	-0.270593	-0.290849	0.917707
479127	-14.1770	-7.5921	13.3122	0.959496	-0.006133	0.281655	-0.059988	0.972387	0.225532	-0.275261	-0.233293	0.932634
479242	-14.1748	-7.6201	13.3120	0.955212	0.003098	0.295905	-0.040392	0.991951	0.120004	-0.293151	-0.126582	0.947649
479363	-14.1726	-7.6453	13.3006	0.949710	0.009417	0.312988	-0.012542	0.999890	0.007972	-0.312878	-0.011497	0.949724
479488	-14.1689	-7.6627	13.2916	0.943835	0.007324	0.330337	0.018688	0.996971	-0.075498	-0.329889	0.077431	0.940839
479609	-14.1625	-7.6650	13.2866	0.936431	0.004264	0.350825	0.029249	0.995497	-0.090170	-0.349629	0.094699	0.932090
479742	-14.1618	-7.6568	13.2855	0.929229	0.002226	0.369499	0.016911	0.998678	-0.048544	-0.369118	0.051357	0.927962
479863	-14.1576	-7.6303	13.2894	0.921555	0.000547	0.388247	-0.019573	0.998793	0.045052	-0.387753	-0.049117	0.920454
479999	-14.1537	-7.5949	13.2983	0.914581	-0.002381	0.404395	-0.078546	0.979893	0.183411	-0.396701	-0.199508	0.896005
480114	-14.1527	-7.5569	13.3137	0.906399	-0.002120	0.422417	-0.149591	0.933575	0.325668	-0.395048	-0.358375	0.845875
480241	-14.1539	-7.5318	13.3350	0.899254	-0.005803	0.437388	-0.215199	0.864669	0.453913	-0.380830	-0.502308	0.776309
480364	-14.1553	-7.5020	13.3483	0.893364	-0.004414	0.449312	-0.258231	0.813283	0.521428	-0.367720	-0.581852	0.725418
480485	-14.1515	-7.4882	13.3529	0.887184	-0.002753	0.461408	-0.273396	0.802408	0.530467	-0.371697	-0.596769	0.711131
480612	-14.1470	-7.4975	13.3491	0.882109	0.002782	0.471037	-0.269368	0.823322	0.499581	-0.386426	-0.567568	0.727009
480743	-14.1413	-7.5277	13.3454	0.878462	0.008068	0.477744	-0.235827	0.876912	0.418822	-0.415560	-0.480584	0.772236
480865	-14.1371	-7.5603	13.3356	0.875199	0.015554	0.483514	-0.176414	0.940917	0.289055	-0.450450	-0.338279	0.826233
480996	-14.1362	-7.5890	13.3255	0.874127	0.019657	0.485299	-0.095511	0.986628	0.132071	-0.476213	-0.161798	0.864316
481124	-14.1337	-7.6203	13.3120	0.871496	0.020329	0.489981	-0.007682	0.999584	-0.027808	-0.490342	0.020471	0.871290
481239	-14.1309	-7.6504	13.3075	0.868548	0.021350	0.495145	0.065451	0.985380	-0.157298	-0.491265	0.169029	0.854452
481360	-14.1298	-7.6753	13.3023	0.861340	0.021356	0.507579	0.108772	0.968195	-0.225317	-0.496247	0.249285	0.831622
481488	-14.1265	-7.6846	13.2981	0.849254	0.022529	0.527503	0.117327	0.966057	-0.230149	-0.514783	0.257346	0.817785
481613	-14.1179	-7.6777	13.2958	0.833181	0.031159	0.552122	0.092753	0.976393	-0.195072	-0.545167	0.213741	0.810622
481742	-14.1050	-7.6583	13.2924	0.810876	0.033904	0.584235	0.035116	0.993703	-0.106404	-0.584164	0.106796	0.804579
481864	-14.0907	-7.6269	13.2976	0.780959	0.046839	0.622824	-0.060043	0.998196	0.000219	-0.621690	-0.037567	0.782362
481990	-14.0799	-7.5988	13.3031	0.746088	0.054215	0.663636	-0.169161	0.979412	0.110167	-0.644000	-0.194456	0.739899
482114	-14.0632	-7.5687	13.3165	0.703913	0.062259	0.707553	-0.281772	0.938891	0.197707	-0.652006	-0.338537	0.678440
482237	-14.0533	-7.5438	13.3295	0.658226	0.070985	0.749466	-0.388111	0.885043	0.257037	-0.645064	-0.460065	0.610108
482365	-14.0384	-7.5276	13.3395	0.611102	0.072913	0.788186	-0.466048	0.838002	0.283818	-0.639808	-0.540774	0.546086
482488	-14.0229	-7.5251	13.3574	0.562162	0.074726	0.823644	-0.507572	0.817460	0.272268	-0.652951	-0.571117	0.497474
482611	-14.0044	-7.5159	13.3614	0.512144	0.073827	0.855721	-0.512237	0.825980	0.235309	-0.689436	-0.558844	0.460838
482744	-13.9784	-7.5320	13.3759	0.463360	0.084436	0.882138	-0.478163	0.861924	0.168664	-0.746095	-0.499958	0.439755
482876	-13.9586	-7.5453	13.3859	0.412857	0.084373	0.906880	-0.403203	0.909749	0.098918	-0.816686	-0.406496	0.409615
482989	-13.9349	-7.5706	13.3955	0.365285	0.082519	0.927231	-0.286823	0.957581	0.027775	-0.885607	-0.276097	0.373458
483125	-13.9174	-7.6013	13.4029	0.322559	0.081919	0.942998	-0.151117	0.987926	-0.034132	-0.934409	-0.131493	0.331044
483238	-13.9076	-7.6402	13.4167	0.284839	0.069295	0.956067	0.006962	0.997208	-0.074352	-0.958550	0.027834	0.283561
483363	-13.9054	-7.6698	13.4223	0.260056	0.055869	0.963976	0.135172	0.986388	-0.093634	-0.956085	0.154653	0.248965
483489	-13.9085	-7.7009	13.4309	0.245042	0.028203	0.969102	0.247161	0.964732	-0.090572	-0.937479	0.261718	0.229429
483613	-13.9147	-7.7252	13.4261	0.250802	-0.001135	0.968038	0.321703	0.943262	-0.082242	-0.913020	0.332047	0.236937
483744	-13.9247	-7.7377	13.4189	0.275658	-0.032978	0.960690	0.363430	0.928804	-0.072398	-0.889905	0.369100	0.268017
483864	-13.9389	-7.7394	13.4036	0.317916	-0.072817	0.945319	0.378751	0.923790	-0.056217	-0.869182	0.375913	0.321267
483996	-13.9496	-7.7310	13.3919	0.373055	-0.110950	0.921152	0.376233	0.925623	-0.040882	-0.848103	0.361819	0.387051
484111	-13.9657	-7.7098	13.3675	0.445375	-0.148005	0.883026	0.360370	0.932462	-0.025471	-0.819619	0.329560	0.468632
484243	-13.9843	-7.6900	13.3551	0.523275	-0.181068	0.832705	0.333441	0.942760	-0.004537	-0.784219	0.280032	0.553699
484366	-14.0011	-7.6661	13.3336	0.604376	-0.196876	0.771991	0.286218	0.957951	0.020226	-0.743511	0.208733	0.635312
484488	-14.0138	-7.6321	13.3211	0.683735	-0.192773	0.703808	0.219237	0.974185	0.053846	-0.696019	0.117484	0.708347
484614	-14.0280	-7.5939	13.3121	0.753323	-0.174350	0.634118	0.139363	0.984641	0.105164	-0.642714	0.009150	0.766051
484742	-14.0415	-7.5654	13.3157	0.810152	-0.138992	0.569505	0.053873	0.985027	0.163766	-0.583740	-0.101995	0.805509
484874	-14.0593	-7.5362	13.3206	0.851167	-0.105925	0.514097	-0.032722	0.966814	0.253379	-0.523875	-0.232490	0.819453
484986	-14.0709	-7.5061	13.3345	0.876472	-0.061209	0.477547	-0.122554	0.930849	0.344240	-0.465595	-0.360242	0.808361
485116	-14.0822	-7.4871	13.3446	0.886827	-0.020073	0.461665	-0.208438	0.874272	0.438408	-0.412421	-0.485021	0.771144
485244	-14.0888	-7.4627	13.3641	0.886823	0.008504	0.462032	-0.276020	0.811627	0.514854	-0.370619	-0.584114	0.722116
485369	-14.0859	-7.4515	13.3853	0.875533	0.023700	0.482577	-0.332858	0.753550	0.566893	-0.350211	-0.656963	0.667647
485488	-14.0820	-7.4399	13.4054	0.854754	0.030802	0.518119	-0.382432	0.712279	0.588562	-0.350916	-0.701221	0.620602
485613	-14.0758	-7.4327	13.4141	0.824773	0.034776	0.564394	-0.424218	0.697999	0.576920	-0.373883	-0.715254	0.590443
485741	-14.0602	-7.4372	13.4192	0.789712	0.029628	0.612762	-0.442462	0.719390	0.535450	-0.424950	-0.693975	0.581220
485860	-14.0439	-7.4505	13.4151	0.748120	0.028546	0.662949	-0.455115	0.749129	0.481328	-0.482894	-0.661809	0.573430
485997	-14.0261	-7.4562	13.4221	0.698816	0.029184	0.714706	-0.452787	0.791553	0.410399	-0.553750	-0.610403	0.566364
486111	-14.0098	-7.4651	13.4154	0.649021	0.029165	0.760211	-0.432955	0.835823	0.337564	-0.625557	-0.548224	0.555094
486242	-13.9946	-7.4773	13.4163	0.598347	0.033706	0.800528	-0.396614	0.880582	0.259369	-0.696189	-0.472693	0.540262
486363	-13.9826	-7.4879	13.4191	0.555090	0.046683	0.830479	-0.357193	0.915057	0.187309	-0.751191	-0.400615	0.524614
486491	-13.9713	-7.5085	13.4162	0.526131	0.055000	0.848623	-0.300314	0.945627	0.124902	-0.795612	-0.320568	0.514041
486610	-13.9651	-7.5226	13.4096	0.512047	0.056483	0.857098	-0.234359	0.969164	0.076143	-0.826367	-0.239858	0.509495
486740	-13.9620	-7.5319	13.4063	0.513844	0.061157	0.855701	-0.164911	0.985895	0.028567	-0.841884	-0.155793	0.516682
486864	-13.9596	-7.5478	13.3947	0.530096	0.053972	0.846218	-0.088665	0.996029	-0.007984	-0.843289	-0.070798	0.532777
486991	-13.9626	-7.5580	13.3838	0.553330	0.044287	0.831784	-0.025514	0.999018	-0.036219	-0.832572	-0.001181	0.553916
487113	-13.9659	-7.5653	13.3713	0.581937	0.028405	0.812737	0.028572	0.998059	-0.055340	-0.812732	0.055426	0.579996
487241	-13.9761	-7.5754	13.3548	0.613461	0.007604	0.789689	0.069219	0.995588	-0.063358	-0.786686	0.093529	0.610228
487368	-13.9879	-7.5836	13.3389	0.645280	-0.016767	0.763762	0.089583	0.994522	-0.053853	-0.758676	0.103171	0.643247
487487	-13.9986	-7.5893	13.3266	0.680393	-0.038971	0.731811	0.097874	0.994472	-0.038039	-0.726283	0.097507	0.680445
487612	-14.0094	-7.5824	13.3116	0.711420	-0.059913	0.700208	0.097784	0.995106	-0.014204	-0.695931	0.078574	0.713797
487741	-14.0196	-7.5760	13.3034	0.740672	-0.077548	0.667377	0.091772	0.995684	0.013846	-0.665570	0.050991	0.744591
487863	-14.0268	-7.5677	13.2949	0.763386	-0.091733	0.639396	0.078577	0.995701	0.049036	-0.641146	0.012808	0.767312
487996	-14.0355	-7.5605	13.2887	0.783048	-0.099547	0.613943	0.061690	0.994672	0.082599	-0.618894	-0.026805	0.785017
488114	-14.0398	-7.5590	13.2924	0.796465	-0.098226	0.596654	0.035472	0.992609	0.116060	-0.603644	-0.071273	0.794062
488242	-14.0410	-7.5513	13.2945	0.805821	-0.088566	0.585499	0.006458	0.990008	0.140865	-0.592124	-0.109731	0.798341
488366	-14.0422	-7.5372	13.2981	0.811045	-0.076301	0.579986	-0.018873	0.987528	0.156307	-0.584679	-0.137718	0.799490
488487	-14.0469	-7.5189	13.3064	0.811340	-0.057500	0.581739	-0.049508	0.984817	0.166388	-0.582474	-0.163798	0.796175
488609	-14.0480	-7.5021	13.3150	0.809473	-0.037697	0.585945	-0.080186	0.981490	0.173921	-0.581656	-0.187769	0.791467
488743	-14.0521	-7.4932	13.3255	0.805679	-0.018722	0.592057	-0.110062	0.977364	0.180680	-0.582038	-0.210733	0.785381
488867	-14.0546	-7.4865	13.3386	0.800942	-0.005232	0.598719	-0.131931	0.973842	0.185003	-0.584025	-0.227166	0.779301
488999	-14.0557	-7.4836	13.3484	0.795265	0.008038	0.606208	-0.152603	0.970371	0.187328	-0.586741	-0.241485	0.772929
489115	-14.0554	-7.4819	13.3582	0.789240	0.016631	0.613859	-0.163804	0.969115	0.184348	-0.591834	-0.246048	0.767589
489241	-14.0544	-7.4764	13.3631	0.782805	0.021583	0.621892	-0.166922	0.970054	0.176446	-0.599461	-0.241931	0.762966
489364	-14.0536	-7.4722	13.3701	0.776195	0.023134	0.630069	-0.167101	0.971138	0.170198	-0.607946	-0.237392	0.757658
489485	-14.0514	-7.4682	13.3780	0.769855	0.023564	0.637784	-0.166929	0.971965	0.165585	-0.616002	-0.233941	0.752206
489613	-14.0502	-7.4645	13.3859	0.763457	0.020884	0.645521	-0.168823	0.971181	0.168247	-0.623404	-0.237428	0.744981
489744	-14.0489	-7.4600	13.3915	0.757288	0.015750	0.652891	-0.172298	0.969108	0.176471	-0.629943	-0.246132	0.736608
489866	-14.0463	-7.4547	13.3976	0.750836	0.009757	0.660417	-0.177575	0.966058	0.187615	-0.636170	-0.258141	0.727084
489996	-14.0433	-7.4484	13.4044	0.744283	0.003677	0.667855	-0.184311	0.962282	0.200106	-0.641929	-0.272028	0.716888
490116	-14.0392	-7.4425	13.4094	0.736953	-0.002135	0.675940	-0.191883	0.958196	0.212229	-0.648136	-0.286104	0.705736
490237	-14.0346	-7.4391	13.4148	0.729714	-0.007249	0.683714	-0.198128	0.954802	0.221582	-0.654418	-0.297154	0.695296
490363	-14.0297	-7.4357	13.4185	0.722193	-0.009962	0.691620	-0.203664	0.952507	0.226387	-0.661029	-0.304353	0.685865
490490	-14.0253	-7.4319	13.4209	0.715923	-0.012307	0.698071	-0.207597	0.950871	0.229670	-0.666602	-0.309343	0.678195
490615	-14.0206	-7.4306	13.4233	0.709428	-0.012383	0.704669	-0.212391	0.949608	0.230512	-0.672013	-0.313197	0.671048
490744	-14.0178	-7.4301	13.4244	0.703721	-0.012479	0.710367	-0.215877	0.948818	0.230525	-0.676886	-0.315577	0.665009
490864	-14.0159	-7.4293	13.4260	0.699172	-0.012171	0.714850	-0.217734	0.948736	0.229112	-0.680992	-0.315835	0.660680
490997	-14.0122	-7.4269	13.4265	0.695908	-0.011332	0.718042	-0.221466	0.947755	0.229596	-0.683129	-0.318799	0.657040
491113	-14.0112	-7.4247	13.4263	0.693311	-0.011467	0.720548	-0.222172	0.947768	0.228857	-0.685537	-0.318754	0.654550
491240	-14.0105	-7.4259	13.4256	0.691895	-0.010712	0.721918	-0.223577	0.947562	0.228340	-0.686509	-0.319391	0.653219
491365	-14.0091	-7.4270	13.4242	0.690931	-0.010610	0.722843	-0.225547	0.946818	0.229488	-0.686835	-0.321596	0.651793
491489	-14.0083	-7.4250	13.4228	0.690640	-0.011172	0.723112	-0.225688	0.946617	0.230178	-0.687082	-0.322168	0.651250
491613	-14.0076	-7.4244	13.4201	0.690983	-0.011236	0.722784	-0.227047	0.945905	0.231762	-0.686289	-0.324250	0.651053
491744	-14.0073	-7.4253	13.4190	0.691336	-0.011389	0.722444	-0.227696	0.945495	0.232796	-0.685718	-0.325438	0.651061
491864	-14.0061	-7.4246	13.4162	0.692038	-0.011747	0.721766	-0.227940	0.945155	0.233935	-0.684928	-0.326411	0.651405
491995	-14.0053	-7.4243	13.4135	0.692406	-0.011186	0.721422	-0.229154	0.944700	0.234585	-0.684151	-0.327745	0.651552
492114	-14.0046	-7.4213	13.4108	0.692801	-0.012041	0.721029	-0.230124	0.943892	0.236878	-0.683426	-0.330035	0.651158
492240	-14.0035	-7.4214	13.4081	0.692744	-0.010778	0.721103	-0.229975	0.944386	0.235046	-0.683533	-0.328662	0.651739
492366	-14.0029	-7.4229	13.4064	0.693028	-0.011015	0.720826	-0.229255	0.944610	0.234848	-0.683487	-0.328009	0.652116
492489	-14.0015	-7.4235	13.4052	0.692826	-0.008986	0.721049	-0.229352	0.945252	0.232154	-0.683659	-0.326216	0.652835
492613	-14.0018	-7.4245	13.4034	0.692411	-0.008149	0.721458	-0.229373	0.945575	0.230818	-0.684073	-0.325304	0.652857
492744	-14.0005	-7.4259	13.4015	0.691159	-0.005833	0.722680	-0.230836	0.945805	0.228401	-0.684846	-0.324682	0.652355
492864	-14.0003	-7.4274	13.3997	0.690794	-0.003981	0.723040	-0.232034	0.945875	0.226894	-0.684809	-0.324507	0.652481
492996	-13.9979	-7.4264	13.3987	0.689743	-0.002245	0.724051	-0.234563	0.945374	0.226379	-0.685008	-0.325979	0.651538
493111	-13.9974	-7.4265	13.3972	0.688657	-0.000608	0.725087	-0.237958	0.944426	0.226794	-0.684929	-0.328724	0.650240
493242	-13.9971	-7.4262	13.3958	0.688185	-0.000653	0.725535	-0.239305	0.943835	0.227835	-0.684934	-0.330416	0.649376
493366	-13.9963	-7.4266	13.3953	0.687682	-0.000155	0.726012	-0.240663	0.943412	0.228158	-0.684964	-0.331624	0.648730
493489	-13.9965	-7.4283	13.3967	0.687505	-0.001604	0.726178	-0.241039	0.942798	0.230286	-0.685009	-0.333360	0.647792
493613	-13.9971	-7.4288	13.3970	0.687410	-0.002165	0.726267	-0.240676	0.942812	0.230610	-0.685232	-0.333318	0.647577
493744	-13.9980	-7.4289	13.3981	0.687254	-0.004920	0.726400	-0.240256	0.942160	0.233690	-0.685535	-0.335127	0.646322
493862	-13.9991	-7.4276	13.3996	0.687240	-0.006099	0.726405	-0.241101	0.941367	0.236005	-0.685253	-0.337328	0.645475
493992	-14.0009	-7.4271	13.4014	0.687008	-0.007999	0.726606	-0.241157	0.940756	0.238371	-0.685466	-0.338989	0.644379
494115	-14.0010	-7.4240	13.4009	0.687106	-0.009392	0.726496	-0.241666	0.940028	0.240716	-0.685188	-0.340967	0.643630
494241	-14.0016	-7.4228	13.4002	0.687057	-0.010171	0.726532	-0.243081	0.939070	0.243020	-0.684737	-0.343575	0.642722
494367	-14.0017	-7.4239	13.3991	0.686724	-0.010282	0.726845	-0.244097	0.938578	0.243900	-0.684709	-0.344913	0.642035
494488	-14.0017	-7.4231	13.3977	0.686763	-0.010993	0.726798	-0.245456	0.937645	0.246117	-0.684184	-0.347421	0.641242
494611	-14.0019	-7.4216	13.3973	0.686951	-0.010786	0.726624	-0.247682	0.936546	0.248061	-0.683192	-0.350378	0.640690
494741	-14.0021	-7.4226	13.3959	0.686679	-0.010963	0.726878	-0.248287	0.936223	0.248675	-0.683247	-0.351234	0.640163
494861	-14.0020	-7.4220	13.3951	0.686216	-0.010043	0.727328	-0.250601	0.935426	0.249352	-0.682866	-0.353379	0.639388
494991	-14.0027	-7.4198	13.3960	0.686134	-0.010549	0.727399	-0.251251	0.934930	0.250557	-0.682710	-0.354675	0.638837
495114	-14.0042	-7.4199	13.3958	0.686008	-0.011641	0.727501	-0.251127	0.934640	0.251759	-0.682882	-0.355404	0.638247
495241	-14.0052	-7.4204	13.3978	0.685862	-0.012160	0.727630	-0.251122	0.934489	0.252325	-0.683030	-0.355784	0.637877
495366	-14.0066	-7.4200	13.3986	0.685814	-0.012579	0.727668	-0.250863	0.934488	0.252588	-0.683175	-0.355773	0.637729
495488	-14.0084	-7.4185	13.4002	0.686151	-0.013307	0.727337	-0.249895	0.934677	0.252845	-0.683191	-0.355248	0.638004
495611	-14.0100	-7.4181	13.4025	0.686041	-0.013761	0.727433	-0.248813	0.935102	0.252344	-0.683696	-0.354112	0.638094
495742	-14.0112	-7.4174	13.4036	0.686027	-0.015250	0.727416	-0.248009	0.935002	0.253500	-0.684002	-0.354314	0.637655
495864	-14.0131	-7.4158	13.4045	0.686159	-0.015740	0.727281	-0.248791	0.934401	0.254947	-0.683585	-0.355875	0.637232
495995	-14.0144	-7.4175	13.4049	0.686664	-0.016661	0.726784	-0.248919	0.933917	0.256588	-0.683031	-0.357100	0.637140
496112	-14.0136	-7.4192	13.4055	0.686618	-0.017229	0.726814	-0.249737	0.933296	0.258050	-0.682779	-0.358694	0.636515
496241	-14.0145	-7.4186	13.4070	0.687020	-0.017492	0.726428	-0.251191	0.932360	0.260014	-0.681841	-0.361107	0.636156
496366	-14.0140	-7.4184	13.4051	0.687219	-0.018113	0.726224	-0.251742	0.931807	0.261462	-0.681437	-0.362503	0.635796
496487	-14.0130	-7.4177	13.4047	0.687233	-0.017303	0.726231	-0.252678	0.931597	0.261305	-0.681076	-0.363080	0.635852
496612	-14.0115	-7.4175	13.4034	0.687046	-0.016904	0.726417	-0.252493	0.931875	0.260493	-0.681333	-0.362386	0.635973
496741	-14.0104	-7.4194	13.4040	0.685993	-0.017084	0.727407	-0.251775	0.932391	0.259338	-0.682659	-0.361047	0.635313
496865	-14.0077	-7.4223	13.4041	0.683958	-0.017332	0.729315	-0.250140	0.933541	0.256769	-0.685296	-0.358050	0.634168
496990	-14.0045	-7.4259	13.4056	0.680264	-0.018180	0.732741	-0.247152	0.935456	0.252662	-0.690041	-0.352975	0.631864
497113	-13.9999	-7.4291	13.4077	0.675412	-0.019391	0.737185	-0.243043	0.937949	0.247349	-0.696239	-0.346230	0.628790
497243	-13.9947	-7.4342	13.4098	0.668320	-0.020158	0.743601	-0.237798	0.941390	0.239244	-0.704841	-0.336719	0.624356
497365	-13.9874	-7.4398	13.4110	0.659329	-0.022155	0.751528	-0.232519	0.944556	0.231839	-0.714997	-0.327603	0.617621
497488	-13.9803	-7.4441	13.4125	0.648501	-0.022796	0.760872	-0.226843	0.948350	0.221754	-0.726628	-0.316407	0.609835
497609	-13.9733	-7.4463	13.4138	0.636507	-0.023643	0.770909	-0.222346	0.951470	0.212762	-0.738526	-0.306833	0.600360
497742	-13.9673	-7.4487	13.4147	0.623733	-0.024582	0.781251	-0.218629	0.954124	0.204571	-0.750438	-0.298402	0.589744
497863	-13.9620	-7.4541	13.4161	0.610090	-0.024251	0.791961	-0.216606	0.956351	0.196148	-0.762150	-0.291211	0.578208
497996	-13.9564	-7.4583	13.4183	0.595626	-0.022056	0.802959	-0.216973	0.958047	0.187265	-0.773403	-0.285760	0.565852
498113	-13.9528	-7.4651	13.4240	0.580336	-0.019686	0.814139	-0.217271	0.959729	0.178082	-0.784859	-0.280236	0.552688
498241	-13.9506	-7.4698	13.4273	0.565910	-0.015319	0.824325	-0.216402	0.962012	0.166441	-0.795560	-0.272576	0.541097
498364	-13.9479	-7.4729	13.4332	0.551297	-0.012036	0.834222	-0.216146	0.963697	0.156745	-0.805824	-0.266727	0.528682
498485	-13.9464	-7.4768	13.4397	0.538004	-0.010029	0.842882	-0.212988	0.965866	0.147440	-0.815590	-0.258847	0.517504
498612	-13.9456	-7.4830	13.4461	0.524380	-0.008139	0.851446	-0.209699	0.967922	0.138399	-0.825259	-0.251121	0.505852
498743	-13.9450	-7.4941	13.4519	0.510862	-0.005860	0.859643	-0.205435	0.970172	0.128697	-0.834755	-0.242347	0.494421
498863	-13.9449	-7.5046	13.4585	0.497687	-0.003108	0.867351	-0.201311	0.972273	0.118997	-0.843671	-0.233830	0.483262
498996	-13.9441	-7.5123	13.4632	0.483315	0.000128	0.875447	-0.196907	0.974393	0.108566	-0.853015	-0.224853	0.470964
499112	-13.9431	-7.5178	13.4671	0.468766	0.003592	0.883315	-0.192437	0.976388	0.098154	-0.862106	-0.215994	0.458389
499239	-13.9425	-7.5215	13.4726	0.453916	0.006206	0.891023	-0.187467	0.978259	0.088689	-0.871101	-0.207295	0.445211
499361	-13.9412	-7.5247	13.4764	0.439605	0.008757	0.898148	-0.181741	0.980136	0.079398	-0.879612	-0.198134	0.432464
499489	-13.9397	-7.5280	13.4818	0.425807	0.010417	0.904754	-0.177532	0.981459	0.072252	-0.887227	-0.191389	0.419761
499613	-13.9368	-7.5342	13.4870	0.411086	0.012430	0.911512	-0.174093	0.982574	0.065116	-0.894818	-0.185456	0.406086
499742	-13.9351	-7.5392	13.4908	0.396101	0.016010	0.918068	-0.172817	0.983279	0.057415	-0.901797	-0.181399	0.392244
499863	-13.9337	-7.5431	13.4949	0.380657	0.019604	0.924508	-0.170569	0.984109	0.049362	-0.908849	-0.176482	0.377952
499996	-13.9310	-7.5429	13.4968	0.365647	0.022154	0.930490	-0.168969	0.984685	0.042954	-0.915288	-0.172930	0.363791
500112	-13.9282	-7.5434	13.4988	0.350334	0.024640	0.936301	-0.165339	0.985582	0.035927	-0.921916	-0.167394	0.349357
500239	-13.9240	-7.5470	13.5030	0.335306	0.026030	0.941749	-0.163119	0.986125	0.030821	-0.927880	-0.163952	0.334900
500366	-13.9204	-7.5505	13.5064	0.319427	0.025663	0.947263	-0.159534	0.986821	0.027061	-0.934085	-0.159765	0.319311
500489	-13.9181	-7.5533	13.5090	0.304147	0.025763	0.952277	-0.154430	0.987745	0.022600	-0.940025	-0.153934	0.304398
500612	-13.9144	-7.5572	13.5124	0.289353	0.026112	0.956866	-0.149564	0.988584	0.018250	-0.945466	-0.148393	0.289955
500744	-13.9100	-7.5610	13.5159	0.274174	0.028086	0.961270	-0.146675	0.989100	0.012936	-0.950429	-0.144541	0.275305
500864	-13.9069	-7.5622	13.5159	0.260505	0.029088	0.965034	-0.143629	0.989591	0.008944	-0.954729	-0.140936	0.261971
500995	-13.9043	-7.5600	13.5171	0.248112	0.027478	0.968342	-0.140029	0.990117	0.007782	-0.958558	-0.137527	0.249507
501114	-13.9011	-7.5589	13.5184	0.237034	0.027139	0.971122	-0.139356	0.990222	0.006341	-0.961454	-0.136834	0.238499
501238	-13.8987	-7.5568	13.5188	0.227875	0.025415	0.973359	-0.142173	0.989814	0.007439	-0.963255	-0.140080	0.229167
501366	-13.8968	-7.5559	13.5213	0.220789	0.024362	0.975017	-0.144125	0.989528	0.007912	-0.964614	-0.142271	0.221988
501489	-13.8946	-7.5572	13.5220	0.215129	0.022233	0.976332	-0.144043	0.989529	0.009206	-0.965904	-0.142614	0.216079
501613	-13.8938	-7.5554	13.5228	0.211862	0.020097	0.977093	-0.143184	0.989638	0.010692	-0.966754	-0.142169	0.212544
501743	-13.8935	-7.5562	13.5235	0.209336	0.018881	0.977662	-0.141453	0.989882	0.011171	-0.967559	-0.140632	0.209888
501863	-13.8918	-7.5541	13.5240	0.207431	0.016339	0.978113	-0.140469	0.989996	0.013252	-0.968112	-0.140143	0.207651
501995	-13.8907	-7.5531	13.5237	0.207016	0.014654	0.978228	-0.140615	0.989952	0.014928	-0.968180	-0.140644	0.206996
502111	-13.8909	-7.5532	13.5255	0.207429	0.011458	0.978183	-0.142628	0.989601	0.018653	-0.967797	-0.143386	0.206906
502241	-13.8912	-7.5552	13.5252	0.207531	0.009770	0.978180	-0.142752	0.989548	0.020403	-0.967757	-0.143871	0.206756
502366	-13.8902	-7.5559	13.5246	0.208282	0.008251	0.978034	-0.140954	0.989779	0.021668	-0.967859	-0.142371	0.207316
502490	-13.8902	-7.5546	13.5250	0.209201	0.007429	0.977844	-0.139343	0.989993	0.022290	-0.967894	-0.140919	0.208143
502613	-13.8897	-7.5541	13.5247	0.209696	0.007887	0.977735	-0.140278	0.989865	0.022101	-0.967652	-0.141789	0.208677
502743	-13.8907	-7.5563	13.5258	0.210527	0.008501	0.977551	-0.138934	0.990072	0.021311	-0.967665	-0.140301	0.209618
502862	-13.8908	-7.5565	13.5272	0.211047	0.009228	0.977432	-0.140224	0.989899	0.020931	-0.967366	-0.141476	0.210209
502992	-13.8916	-7.5560	13.5261	0.211599	0.009761	0.977308	-0.141203	0.989764	0.020687	-0.967103	-0.142376	0.210812
503113	-13.8920	-7.5561	13.5258	0.212307	0.009946	0.977152	-0.142915	0.989513	0.020979	-0.966696	-0.144104	0.211502
503239	-13.8917	-7.5569	13.5252	0.212281	0.010565	0.977152	-0.141749	0.989699	0.020093	-0.966873	-0.142775	0.211592
503366	-13.8925	-7.5575	13.5255	0.212303	0.010876	0.977143	-0.141638	0.989721	0.019758	-0.966885	-0.142595	0.211662
503488	-13.8925	-7.5582	13.5243	0.212070	0.010719	0.977196	-0.140199	0.989930	0.019567	-0.967146	-0.141152	0.211437
503612	-13.8926	-7.5578	13.5246	0.211637	0.010909	0.977287	-0.140226	0.989931	0.019317	-0.967237	-0.141129	0.211036
