META	HEADER	GNSS location/orientation script
META	VERSION	1.0.1
META	FORMAT	ASCII
META	CONTENT	DEFAULT
META	TIMESTAMPS	UPTIME
META	END
Uptime	Origin_X	Origin_Y	Origin_Z	Basis_XX	Basis_XY	Basis_XZ	Basis_YX	Basis_YY	Basis_YZ	Basis_ZX	Basis_ZY	Basis_ZZ
77898694	-14.0675	-9.4338	-61.6579	0.959115	0.047666	0.278972	0.018124	0.973347	-0.228619	-0.282434	0.224328	0.932688
77898818	-13.9111	-9.4415	-62.2597	0.959638	0.045912	0.277466	0.019667	0.973214	-0.229059	-0.280550	0.225270	0.933030
77898944	-13.7556	-9.4501	-62.8604	0.960884	0.039686	0.274091	0.023450	0.974467	-0.223301	-0.275955	0.220994	0.935420
77899067	-13.5998	-9.4692	-63.4603	0.961164	0.039793	0.273095	0.022217	0.975181	-0.220290	-0.275083	0.217802	0.936425
77899190	-13.4542	-9.4906	-64.0693	0.960853	0.044040	0.273538	0.019219	0.974313	-0.224377	-0.276393	0.220850	0.935325
77899313	-13.2967	-9.5074	-64.6737	0.961609	0.041621	0.271249	0.022233	0.973367	-0.228172	-0.273522	0.225443	0.935073
77899446	-13.1381	-9.5195	-65.2817	0.961838	0.041397	0.270471	0.023205	0.972587	-0.231380	-0.272635	0.228826	0.934510
77899577	-12.9747	-9.5331	-65.8966	0.963277	0.033749	0.266380	0.029022	0.973171	-0.228245	-0.266937	0.227594	0.936454
77899695	-12.8326	-9.5555	-66.5086	0.963342	0.041352	0.265069	0.021025	0.973373	-0.228260	-0.267450	0.225465	0.936822
77899819	-12.6754	-9.5759	-67.1181	0.963831	0.043213	0.262987	0.019231	0.972919	-0.230345	-0.265819	0.227071	0.936898
77899941	-12.5369	-9.5951	-67.7367	0.964146	0.043808	0.261730	0.020121	0.971372	-0.236709	-0.264607	0.233489	0.935663
77900066	-12.3870	-9.6118	-68.3512	0.965767	0.036933	0.256768	0.023922	0.972915	-0.229921	-0.258305	0.228192	0.938726
77900189	-12.2431	-9.6346	-68.9717	0.966546	0.035137	0.254077	0.025141	0.972825	-0.230175	-0.255260	0.228862	0.939396
77900316	-12.0883	-9.6601	-69.5950	0.966944	0.037316	0.252244	0.024052	0.971476	-0.235917	-0.253853	0.234185	0.938465
77900444	-11.9323	-9.6814	-70.2167	0.967615	0.034227	0.250099	0.028029	0.970071	-0.241200	-0.250869	0.240399	0.937696
77900576	-11.8038	-9.6957	-70.8404	0.967534	0.033075	0.250569	0.027588	0.971656	-0.234783	-0.251232	0.234073	0.939198
77900695	-11.6753	-9.7172	-71.4703	0.968261	0.043822	0.246069	0.015002	0.972545	-0.232231	-0.249490	0.228552	0.941020
77900822	-11.5188	-9.7358	-72.0977	0.968512	0.033386	0.246720	0.024946	0.972968	-0.229589	-0.247715	0.228515	0.941498
77900945	-11.3700	-9.7664	-72.7268	0.970423	0.024550	0.240159	0.033958	0.971043	-0.236478	-0.239010	0.237639	0.941489
77901066	-11.2239	-9.7898	-73.3615	0.970538	0.020344	0.240088	0.039630	0.969381	-0.242344	-0.237667	0.244719	0.940014
77901191	-11.0944	-9.8121	-74.0013	0.970356	0.024716	0.240412	0.036059	0.968816	-0.245142	-0.238974	0.246544	0.939206
77901316	-10.9606	-9.8377	-74.6379	0.970579	0.024540	0.239530	0.034391	0.970465	-0.238779	-0.238315	0.239992	0.941069
77901446	-10.8230	-9.8679	-75.2722	0.970743	0.031808	0.238006	0.025841	0.971592	-0.235247	-0.238727	0.234514	0.942344
77901575	-10.6808	-9.8932	-75.9155	0.971100	0.028498	0.236965	0.028477	0.971919	-0.233588	-0.236968	0.233585	0.943019
77901699	-10.5436	-9.9255	-76.5549	0.971619	0.036238	0.233759	0.020838	0.971243	-0.237177	-0.235631	0.235317	0.942923
77901822	-10.4049	-9.9427	-77.2011	0.972113	0.026458	0.233016	0.029071	0.972355	-0.231689	-0.232705	0.232002	0.944470
77901945	-10.2756	-9.9686	-77.8496	0.973019	0.030907	0.228647	0.025252	0.970769	-0.238684	-0.229341	0.238017	0.943796
77902065	-10.1435	-9.9912	-78.5037	0.973187	0.031668	0.227825	0.023597	0.971506	-0.235838	-0.228802	0.234891	0.944710
77902194	-10.0138	-10.0218	-79.1586	0.973755	0.035773	0.224769	0.019542	0.970783	-0.239164	-0.226758	0.237280	0.944605
77902319	-9.8733	-10.0450	-79.8083	0.974301	0.030962	0.223112	0.022631	0.972041	-0.233719	-0.224111	0.232762	0.946360
77902450	-9.7328	-10.0660	-80.4691	0.974895	0.023058	0.221468	0.029613	0.972362	-0.231591	-0.220687	0.232335	0.947268
77902581	-9.6209	-10.0964	-81.1324	0.975430	0.034260	0.217631	0.018675	0.971422	-0.236624	-0.219518	0.234875	0.946914
77902698	-9.4887	-10.1254	-81.7949	0.975867	0.033614	0.215765	0.017913	0.972429	-0.232512	-0.217631	0.230765	0.948359
77902820	-9.3612	-10.1446	-82.4584	0.976326	0.034745	0.213496	0.017201	0.971418	-0.236751	-0.215620	0.234819	0.947823
77902942	-9.2229	-10.1627	-83.1238	0.976484	0.030264	0.213454	0.021073	0.971958	-0.234207	-0.214556	0.233197	0.948464
77903070	-9.1058	-10.1817	-83.7971	0.976776	0.028243	0.212393	0.022400	0.972382	-0.232317	-0.213089	0.231679	0.949167
77903194	-8.9876	-10.2074	-84.4718	0.977842	0.031541	0.206953	0.018938	0.971204	-0.237497	-0.208484	0.236154	0.949087
77903320	-8.8588	-10.2303	-85.1454	0.978408	0.030709	0.204389	0.019580	0.970682	-0.239570	-0.205754	0.238399	0.949121
77903449	-8.7351	-10.2549	-85.8179	0.978597	0.034085	0.202945	0.015973	0.970632	-0.240040	-0.205166	0.238144	0.949313
77903580	-8.6147	-10.2825	-86.4936	0.978894	0.034192	0.201486	0.015709	0.970400	-0.240993	-0.203762	0.239072	0.949382
77903696	-8.4929	-10.3015	-87.1720	0.978998	0.027976	0.201941	0.020234	0.972317	-0.232790	-0.202863	0.231987	0.951330
77903818	-8.3773	-10.3218	-87.8630	0.978099	0.036902	0.204845	0.013279	0.971091	-0.238342	-0.207718	0.235842	0.949332
77903948	-8.2460	-10.3396	-88.5465	0.978323	0.028646	0.205093	0.020615	0.971995	-0.234096	-0.206055	0.233250	0.950335
77904070	-8.1174	-10.3623	-89.2224	0.978459	0.024590	0.204973	0.023510	0.973148	-0.228975	-0.205100	0.228862	0.951607
77904194	-7.9907	-10.3856	-89.9122	0.978571	0.026926	0.204141	0.020764	0.973456	-0.227929	-0.204860	0.227284	0.952037
77904318	-7.8824	-10.4105	-90.6004	0.978583	0.033748	0.203068	0.013360	0.973978	-0.226250	-0.205419	0.224118	0.952667
77904448	-7.7513	-10.4344	-91.2973	0.978292	0.027499	0.205401	0.020306	0.973666	-0.227073	-0.206236	0.226315	0.951971
77904571	-7.6178	-10.4460	-91.9982	0.979139	0.026837	0.201410	0.020973	0.972596	-0.231554	-0.202105	0.230948	0.951744
77904698	-7.4921	-10.4701	-92.6970	0.979443	0.027165	0.199885	0.019691	0.973284	-0.228760	-0.200759	0.227994	0.952741
77904823	-7.3619	-10.4875	-93.4007	0.978922	0.015850	0.203619	0.029660	0.975383	-0.218515	-0.202070	0.219949	0.954353
77904948	-7.2387	-10.5130	-94.1099	0.979004	0.016803	0.203149	0.028835	0.975160	-0.219618	-0.201793	0.220864	0.954200
77905070	-7.1082	-10.5358	-94.8244	0.978914	0.020918	0.203198	0.024916	0.975088	-0.220413	-0.202747	0.220828	0.954007
77905196	-6.9754	-10.5576	-95.5438	0.979385	0.018691	0.201138	0.028292	0.973205	-0.228193	-0.200014	0.229179	0.952613
77905321	-6.8452	-10.5710	-96.2691	0.979232	0.024744	0.201227	0.022654	0.972954	-0.229883	-0.201473	0.229668	0.952188
77905450	-6.7189	-10.5881	-96.9958	0.979400	0.028928	0.199847	0.017221	0.974115	-0.225398	-0.201194	0.224196	0.953550
77905573	-6.5830	-10.6068	-97.7217	0.979340	0.028719	0.200169	0.017608	0.973993	-0.225892	-0.201450	0.224749	0.953365
77905699	-6.4514	-10.6249	-98.4551	0.979145	0.024722	0.201654	0.021897	0.973945	-0.225723	-0.201980	0.225431	0.953092
77905823	-6.3238	-10.6404	-99.1884	0.979209	0.031529	0.200389	0.014733	0.974185	-0.225268	-0.202318	0.223537	0.953467
77905947	-6.1877	-10.6562	-99.9291	0.979594	0.028892	0.198901	0.017017	0.974138	-0.225311	-0.200267	0.224097	0.953768
77906079	-6.0518	-10.6734	-100.6672	0.979100	0.025691	0.201748	0.019106	0.975983	-0.217008	-0.202478	0.216327	0.955094
77906198	-5.9169	-10.6868	-101.4182	0.979867	0.019321	0.198715	0.025508	0.975035	-0.220583	-0.198016	0.221211	0.954911
77906321	-5.7858	-10.7064	-102.1734	0.979549	0.024777	0.199676	0.020730	0.974680	-0.222641	-0.200136	0.222227	0.954233
77906450	-5.6448	-10.7291	-102.9272	0.979619	0.018779	0.199986	0.026655	0.974662	-0.222088	-0.199089	0.222892	0.954297
77906570	-5.5005	-10.7469	-103.6891	0.979949	0.013236	0.198809	0.032243	0.974106	-0.223783	-0.196623	0.225706	0.954147
77906701	-5.3710	-10.7683	-104.4459	0.979702	0.011167	0.200147	0.034470	0.974190	-0.223082	-0.197473	0.225453	0.954031
77906822	-5.2348	-10.7904	-105.2039	0.981051	0.013453	0.193284	0.033019	0.971385	-0.235202	-0.190918	0.237127	0.952534
77906946	-5.1019	-10.8020	-105.9674	0.981364	0.014772	0.191588	0.031733	0.970894	-0.237400	-0.189519	0.239055	0.952332
77907069	-4.9619	-10.8193	-106.7376	0.981224	0.012112	0.192491	0.033456	0.972208	-0.231716	-0.189948	0.233806	0.953549
77907193	-4.8245	-10.8475	-107.5172	0.980274	0.012107	0.197274	0.033653	0.973322	-0.226963	-0.194759	0.229125	0.953714
77907314	-4.6876	-10.8571	-108.2891	0.981100	0.010015	0.193240	0.034698	0.973368	-0.226608	-0.190363	0.229031	0.954624
77907442	-4.5533	-10.8756	-109.0666	0.982246	0.018431	0.186689	0.026867	0.971083	-0.237227	-0.185663	0.238031	0.953347
77907576	-4.4056	-10.8823	-109.8457	0.982012	0.004283	0.188768	0.038686	0.973970	-0.223350	-0.184811	0.226635	0.956285
77907697	-4.2727	-10.8794	-110.6352	0.980584	-0.005130	0.196034	0.046057	0.977720	-0.204796	-0.190616	0.209849	0.958973
77907821	-4.1535	-10.9027	-111.4098	0.981782	-0.013105	0.189558	0.052454	0.977545	-0.204094	-0.182627	0.210319	0.960424
77907946	-4.0217	-10.9157	-112.1874	0.981727	-0.013933	0.189786	0.053428	0.977382	-0.204619	-0.182643	0.211020	0.960267
77908068	-3.8916	-10.9268	-112.9714	0.981951	-0.012815	0.188699	0.052239	0.977268	-0.205469	-0.181776	0.211618	0.960300
77908193	-3.7590	-10.9322	-113.7516	0.982693	-0.014242	0.184694	0.052342	0.977758	-0.203099	-0.177693	0.209251	0.961582
77908316	-3.6297	-10.9369	-114.5361	0.983327	-0.010743	0.181527	0.049159	0.976790	-0.208484	-0.175074	0.213931	0.961032
77908449	-3.5164	-10.9321	-115.3213	0.983743	0.000277	0.179580	0.037692	0.977406	-0.207985	-0.175581	0.211372	0.961506
77908572	-3.3975	-10.9262	-116.0979	0.984082	0.004207	0.177665	0.032627	0.978450	-0.203891	-0.174694	0.206442	0.962738
77908695	-3.2736	-10.9320	-116.8862	0.984480	0.003257	0.175468	0.033718	0.977691	-0.207326	-0.172229	0.210024	0.962407
77908828	-3.1489	-10.9348	-117.6603	0.984241	-0.000893	0.176833	0.037624	0.978148	-0.204476	-0.172786	0.207907	0.962767
77908946	-3.0342	-10.9279	-118.4438	0.984346	0.004869	0.176179	0.031559	0.978593	-0.203371	-0.173397	0.205748	0.963121
77909068	-2.9269	-10.9212	-119.2192	0.983880	0.010252	0.178534	0.026215	0.979302	-0.200701	-0.176897	0.202146	0.963247
77909193	-2.8035	-10.9136	-119.9896	0.983649	0.010594	0.179782	0.024320	0.981310	-0.190889	-0.178444	0.192140	0.965008
77909320	-2.6706	-10.9013	-120.7650	0.982860	0.005670	0.184266	0.028959	0.982369	-0.184695	-0.182064	0.186865	0.965367
77909448	-2.5466	-10.8890	-121.5350	0.982354	0.006291	0.186923	0.028165	0.983060	-0.181105	-0.184896	0.183174	0.965537
77909574	-2.4238	-10.8741	-122.3025	0.981710	0.014409	0.189838	0.019797	0.984001	-0.177061	-0.189352	0.177581	0.965718
77909696	-2.3021	-10.8700	-123.0700	0.981390	0.015818	0.191374	0.019244	0.983483	-0.179976	-0.191060	0.180309	0.964875
77909821	-2.1753	-10.8610	-123.8319	0.980914	0.020298	0.193380	0.014960	0.983710	-0.179141	-0.193866	0.178615	0.964631
77909946	-2.0426	-10.8468	-124.6004	0.980900	0.021851	0.193279	0.013700	0.983441	-0.180711	-0.194028	0.179907	0.964358
77910071	-1.9128	-10.8346	-125.3645	0.980471	0.024267	0.195159	0.012285	0.982863	-0.183928	-0.196278	0.182734	0.963371
77910195	-1.7866	-10.8164	-126.1305	0.980401	0.027727	0.195051	0.008746	0.982945	-0.183691	-0.196818	0.181796	0.963438
77910320	-1.6600	-10.8015	-126.8909	0.980079	0.030535	0.196248	0.006498	0.982652	-0.185347	-0.198503	0.182930	0.962878
77910450	-1.5292	-10.7907	-127.6463	0.980436	0.031773	0.194259	0.004530	0.982983	-0.183639	-0.196788	0.180926	0.963608
77910573	-1.3991	-10.7766	-128.4034	0.980469	0.029264	0.194483	0.006824	0.983211	-0.182343	-0.196554	0.180109	0.963809
77910702	-1.2776	-10.7597	-129.1578	0.980763	0.031513	0.192644	0.003782	0.983630	-0.180161	-0.195168	0.177424	0.964588
77910822	-1.1580	-10.7412	-129.9132	0.981070	0.036884	0.190108	-0.001943	0.983519	-0.180792	-0.193643	0.177000	0.964973
77910948	-1.0386	-10.7280	-130.6690	0.981268	0.039346	0.188585	-0.004684	0.983504	-0.180825	-0.192589	0.176554	0.965266
77911070	-0.9164	-10.7140	-131.4271	0.982020	0.038212	0.184868	-0.003554	0.982868	-0.184276	-0.188742	0.180306	0.965332
77911196	-0.8047	-10.7008	-132.1861	0.981927	0.041698	0.184610	-0.006278	0.982067	-0.188426	-0.189156	0.183861	0.964580
77911321	-0.6901	-10.6887	-132.9414	0.982676	0.040978	0.180744	-0.005955	0.981727	-0.190201	-0.185235	0.185830	0.964964
77911452	-0.5696	-10.6797	-133.6930	0.983377	0.036061	0.177961	-0.001723	0.981890	-0.189446	-0.181570	0.185991	0.965629
77911582	-0.4620	-10.6720	-134.4467	0.984126	0.038466	0.173252	-0.004922	0.981768	-0.190020	-0.177403	0.186151	0.966373
77911698	-0.3588	-10.6593	-135.2080	0.984937	0.039033	0.168449	-0.005980	0.981295	-0.192419	-0.172809	0.188513	0.966747
77911821	-0.2519	-10.6513	-135.9669	0.986057	0.036280	0.162408	-0.003821	0.980625	-0.195858	-0.166367	0.192507	0.967090
77911943	-0.1561	-10.6470	-136.7264	0.986576	0.040243	0.158264	-0.008202	0.980148	-0.198098	-0.163095	0.194140	0.967321
77912072	-0.0673	-10.6393	-137.4834	0.987481	0.040151	0.152545	-0.009470	0.980409	-0.196745	-0.157456	0.192837	0.968515
77912197	0.0237	-10.6367	-138.2427	0.988166	0.040843	0.147847	-0.010957	0.980230	-0.197559	-0.152993	0.193601	0.969078
77912321	0.0998	-10.6363	-139.0079	0.988788	0.045532	0.142212	-0.016332	0.979639	-0.200100	-0.148427	0.195534	0.969400
77912451	0.1712	-10.6360	-139.7752	0.989292	0.049924	0.137146	-0.021396	0.979133	-0.202092	-0.144373	0.196994	0.969716
77912573	0.2537	-10.6332	-140.5418	0.990248	0.047974	0.130793	-0.020382	0.978625	-0.204640	-0.137815	0.199979	0.970060
77912699	0.3223	-10.6349	-141.3120	0.990554	0.051008	0.127286	-0.023686	0.977934	-0.207567	-0.135065	0.202591	0.969904
77912820	0.3827	-10.6390	-142.0875	0.990882	0.058428	0.121407	-0.031670	0.976837	-0.211630	-0.130959	0.205855	0.969780
77912950	0.4542	-10.6392	-142.8633	0.991842	0.056693	0.114175	-0.031648	0.977134	-0.210258	-0.123485	0.204929	0.970956
77913074	0.5143	-10.6238	-143.6389	0.992283	0.060821	0.108051	-0.038363	0.979266	-0.198912	-0.117909	0.193232	0.974043
77913197	0.5687	-10.6491	-144.4155	0.992597	0.056789	0.107360	-0.033013	0.976825	-0.211478	-0.116882	0.206368	0.971468
77913320	0.6200	-10.6631	-145.1987	0.993186	0.056022	0.102193	-0.032442	0.975126	-0.219266	-0.111934	0.214457	0.970298
77913451	0.6858	-10.6708	-145.9849	0.994136	0.049767	0.096006	-0.027095	0.974123	-0.224389	-0.104689	0.220472	0.969759
77913585	0.7339	-10.6806	-146.7729	0.994785	0.045636	0.091217	-0.024523	0.975100	-0.220406	-0.099004	0.217020	0.971134
77913697	0.7600	-10.6913	-147.5608	0.994874	0.054136	0.085412	-0.034324	0.975269	-0.218341	-0.095120	0.214290	0.972128
77913826	0.8076	-10.7002	-148.3548	0.995639	0.050085	0.078706	-0.031917	0.975629	-0.217092	-0.087661	0.213634	0.972973
77913950	0.8499	-10.7115	-149.1509	0.996375	0.043179	0.073300	-0.026298	0.975749	-0.217308	-0.080905	0.214593	0.973347
77914073	0.8732	-10.7285	-149.9532	0.996435	0.048865	0.068775	-0.032587	0.974843	-0.220496	-0.077819	0.217468	0.972960
77914198	0.8988	-10.7428	-150.7537	0.996915	0.046929	0.062919	-0.031982	0.974887	-0.220390	-0.071682	0.217698	0.973380
77914323	0.9175	-10.7526	-151.5572	0.997078	0.050908	0.056955	-0.037321	0.975172	-0.218280	-0.066653	0.215516	0.974223
77914453	0.9360	-10.7662	-152.3539	0.997376	0.050613	0.051763	-0.038356	0.975836	-0.215111	-0.061399	0.212561	0.975217
77914576	0.9513	-10.7774	-153.1591	0.997754	0.047739	0.046993	-0.036822	0.976882	-0.210585	-0.055960	0.208381	0.976445
77914705	0.9602	-10.7882	-153.9706	0.997943	0.048256	0.042212	-0.038412	0.977168	-0.208966	-0.051332	0.206915	0.977011
77914827	0.9693	-10.8018	-154.7812	0.998410	0.043604	0.035729	-0.035003	0.976336	-0.213407	-0.044189	0.211817	0.976310
77914952	0.9715	-10.8063	-155.5862	0.998714	0.040610	0.030360	-0.033340	0.977083	-0.210231	-0.038201	0.208948	0.977180
77915075	0.9589	-10.8177	-156.3963	0.998721	0.044887	0.023286	-0.039025	0.977013	-0.209576	-0.032158	0.208399	0.977515
77915200	0.9594	-10.8298	-157.2041	0.999145	0.037675	0.017001	-0.033354	0.977831	-0.206724	-0.024413	0.205981	0.978252
77915324	0.9461	-10.8360	-158.0142	0.999308	0.035153	0.012125	-0.031845	0.977377	-0.209095	-0.019201	0.208565	0.977820
77915453	0.9214	-10.8449	-158.8283	0.999235	0.038791	0.005047	-0.036874	0.977121	-0.209465	-0.013056	0.209118	0.977803
77915579	0.8868	-10.8565	-159.6366	0.999020	0.044202	-0.002110	-0.043673	0.977111	-0.208198	-0.007141	0.208086	0.978084
77915699	0.8603	-10.8618	-160.4527	0.999085	0.041030	-0.012041	-0.042647	0.976625	-0.210675	0.003116	0.210996	0.977482
77915826	0.8243	-10.8758	-161.2585	0.999054	0.039270	-0.018682	-0.042295	0.977326	-0.207472	0.010111	0.208066	0.978063
77915955	0.7663	-10.8892	-162.0727	0.998715	0.044756	-0.023765	-0.048737	0.976795	-0.208557	0.013879	0.209448	0.977721
77916075	0.7140	-10.9003	-162.8914	0.998559	0.043556	-0.031344	-0.049283	0.975470	-0.214544	0.021230	0.215780	0.976211
77916199	0.6598	-10.9124	-163.7129	0.998392	0.043293	-0.036607	-0.050244	0.974766	-0.217503	0.026267	0.218992	0.975373
77916322	0.5950	-10.9250	-164.5263	0.997950	0.046742	-0.043711	-0.055186	0.974389	-0.217991	0.032403	0.219956	0.974971
77916450	0.5359	-10.9351	-165.3376	0.997861	0.043980	-0.048357	-0.053297	0.975732	-0.212381	0.037843	0.214504	0.975990
77916576	0.4742	-10.9486	-166.1540	0.997723	0.037443	-0.056105	-0.048450	0.976522	-0.209897	0.046928	0.212137	0.976112
77916703	0.3901	-10.9555	-166.9691	0.996944	0.046904	-0.062472	-0.058995	0.976242	-0.208496	0.051209	0.211545	0.976026
77916826	0.3128	-10.9596	-167.7895	0.996632	0.044470	-0.068901	-0.058098	0.975859	-0.210531	0.057875	0.213825	0.975156
77916949	0.2348	-10.9662	-168.6123	0.996338	0.038339	-0.076424	-0.053902	0.975488	-0.213349	0.066372	0.216688	0.973982
77917073	0.1428	-10.9732	-169.4320	0.995868	0.041077	-0.080994	-0.057633	0.975110	-0.214102	0.070183	0.217885	0.973448
77917196	0.0471	-10.9806	-170.2526	0.995400	0.041907	-0.086149	-0.059602	0.974922	-0.214417	0.075003	0.218565	0.972936
77917320	-0.0511	-10.9846	-171.0703	0.995014	0.043335	-0.089824	-0.061373	0.975990	-0.208990	0.078610	0.213461	0.973784
77917454	-0.1517	-10.9915	-171.8875	0.994493	0.046090	-0.094123	-0.064946	0.975900	-0.208331	0.082253	0.213297	0.973519
77917575	-0.2458	-11.0013	-172.7105	0.994484	0.038606	-0.097522	-0.058556	0.975763	-0.210849	0.087018	0.215397	0.972642
77917701	-0.3505	-11.0048	-173.5320	0.994273	0.038426	-0.099725	-0.058757	0.975988	-0.209748	0.089271	0.214406	0.972656
77917826	-0.4666	-11.0098	-174.3531	0.993620	0.046378	-0.102807	-0.067192	0.975537	-0.209315	0.090584	0.214887	0.972429
77917951	-0.5715	-11.0150	-175.1773	0.993511	0.036444	-0.107742	-0.058727	0.975605	-0.211530	0.097405	0.216485	0.971415
77918072	-0.6729	-11.0168	-176.0056	0.993590	0.028782	-0.109321	-0.051511	0.976087	-0.211188	0.100628	0.215466	0.971313
77918197	-0.7959	-11.0244	-176.8289	0.992959	0.035744	-0.112940	-0.059602	0.974672	-0.215549	0.102375	0.220763	0.969940
77918323	-0.9197	-11.0301	-177.6451	0.992481	0.037009	-0.116672	-0.061384	0.975156	-0.212844	0.105896	0.218405	0.970095
77918451	-1.0332	-11.0376	-178.4717	0.992141	0.028278	-0.121889	-0.053955	0.975596	-0.212842	0.112896	0.217745	0.969454
77918576	-1.1660	-11.0513	-179.3010	0.991662	0.029164	-0.125525	-0.055969	0.974862	-0.215665	0.116079	0.220892	0.968366
77918700	-1.2970	-11.0581	-180.1302	0.991382	0.032728	-0.126848	-0.059782	0.974612	-0.215771	0.116566	0.221494	0.968170
77918826	-1.4222	-11.0618	-180.9615	0.991490	0.028647	-0.126992	-0.055629	0.975173	-0.214343	0.117699	0.219583	0.968468
77918947	-1.5646	-11.0810	-181.8003	0.990769	0.025630	-0.133115	-0.054319	0.974745	-0.216615	0.124201	0.221847	0.967139
77919074	-1.7059	-11.0985	-182.6407	0.989754	0.026631	-0.140277	-0.058338	0.972131	-0.227062	0.130321	0.232919	0.963725
77919196	-1.8457	-11.1278	-183.4782	0.989091	0.043475	-0.140744	-0.074929	0.971101	-0.226601	0.126825	0.234675	0.963765
77919322	-1.9968	-11.1485	-184.3212	0.988832	0.041459	-0.143152	-0.072905	0.972318	-0.221996	0.129985	0.229953	0.964482
77919452	-2.1532	-11.1718	-185.1672	0.988826	0.034496	-0.145031	-0.066246	0.973206	-0.220183	0.133550	0.227330	0.964617
77919588	-2.3012	-11.1836	-186.0097	0.988541	0.031395	-0.147651	-0.062748	0.975086	-0.212768	0.137293	0.219594	0.965883
77919701	-2.4583	-11.1932	-186.8628	0.987733	0.037743	-0.151524	-0.069607	0.975032	-0.210873	0.139782	0.218833	0.965698
77919826	-2.6225	-11.2123	-187.7203	0.987348	0.042391	-0.152797	-0.074228	0.975067	-0.209129	0.140122	0.217825	0.965877
77919951	-2.7920	-11.2334	-188.5767	0.985507	0.050911	-0.161813	-0.085773	0.972528	-0.216406	0.146351	0.227149	0.962801
77920074	-2.9612	-11.2505	-189.4413	0.984832	0.052931	-0.165241	-0.089288	0.971164	-0.221063	0.148775	0.232464	0.961159
77920200	-3.1307	-11.2763	-190.3054	0.984233	0.057161	-0.167388	-0.093817	0.970962	-0.220072	0.149948	0.232306	0.961015
77920325	-3.3053	-11.2968	-191.1829	0.984197	0.052746	-0.169039	-0.090566	0.970244	-0.224553	0.152165	0.236313	0.959688
77920455	-3.4837	-11.3138	-192.0520	0.984366	0.048185	-0.169414	-0.084641	0.972922	-0.215077	0.154463	0.226054	0.961790
77920579	-3.6556	-11.3331	-192.9268	0.984540	0.043412	-0.169697	-0.079837	0.973533	-0.214146	0.155909	0.224384	0.961948
77920708	-3.8258	-11.3453	-193.8074	0.985011	0.039558	-0.167893	-0.073507	0.976807	-0.201109	0.156044	0.210436	0.965074
77920825	-4.0042	-11.3658	-194.6876	0.984566	0.037348	-0.170984	-0.072917	0.975671	-0.206758	0.159102	0.216034	0.963336
77920949	-4.1852	-11.3727	-195.5647	0.983797	0.039341	-0.174916	-0.075128	0.976300	-0.202964	0.162786	0.212817	0.963437
77921077	-4.3595	-11.3784	-196.4534	0.984495	0.038900	-0.171045	-0.073008	0.977498	-0.197908	0.159497	0.207327	0.965182
77921204	-4.5412	-11.3909	-197.3498	0.984252	0.033325	-0.173601	-0.068092	0.977761	-0.198359	0.163130	0.207057	0.964633
77921325	-4.7221	-11.4036	-198.2495	0.984364	0.033838	-0.172865	-0.069427	0.976463	-0.204206	0.161886	0.213015	0.963544
77921455	-4.9027	-11.4244	-199.1468	0.983841	0.037321	-0.175112	-0.074981	0.974022	-0.213680	0.162588	0.223358	0.961081
77921587	-5.0794	-11.4411	-200.0449	0.984212	0.031952	-0.174086	-0.068907	0.975142	-0.210595	0.163030	0.219266	0.961948
77921701	-5.2595	-11.4637	-200.9431	0.984064	0.026071	-0.175894	-0.064205	0.974555	-0.214755	0.165819	0.222625	0.960699
77921825	-5.4441	-11.4787	-201.8512	0.983786	0.027591	-0.177209	-0.065819	0.974692	-0.213642	0.166829	0.221842	0.960705
77921954	-5.6263	-11.4943	-202.7540	0.983712	0.026291	-0.177816	-0.065190	0.974076	-0.216623	0.167511	0.224686	0.959925
77922079	-5.8058	-11.5073	-203.6608	0.984360	0.018374	-0.175206	-0.055709	0.975975	-0.210639	0.167126	0.217105	0.961735
77922201	-5.9922	-11.5281	-204.5685	0.984248	0.009959	-0.176514	-0.048200	0.975707	-0.213714	0.170098	0.218855	0.960817
77922327	-6.1770	-11.5489	-205.4882	0.984096	0.009400	-0.177391	-0.048719	0.974591	-0.218629	0.170829	0.223794	0.959549
77922459	-6.3610	-11.5697	-206.4017	0.983945	0.011396	-0.178105	-0.051608	0.973492	-0.222824	0.170845	0.228438	0.958451
77922578	-6.5490	-11.5789	-207.3142	0.984283	0.008718	-0.176385	-0.046956	0.975748	-0.213800	0.170243	0.218722	0.960822
77922703	-6.7446	-11.6003	-208.2262	0.983894	0.009117	-0.178521	-0.047173	0.976538	-0.210117	0.172417	0.215154	0.961239
77922828	-6.9456	-11.6156	-209.1449	0.983637	0.021326	-0.178893	-0.059145	0.976160	-0.208838	0.170175	0.216002	0.961449
77922951	-7.1229	-11.6224	-210.0719	0.984470	0.011357	-0.175185	-0.048374	0.976823	-0.208513	0.168757	0.213749	0.962202
77923078	-7.3151	-11.6288	-210.9903	0.983836	0.008970	-0.178847	-0.046749	0.976976	-0.208165	0.172862	0.213161	0.961603
77923201	-7.5098	-11.6418	-211.9159	0.984061	0.006538	-0.177713	-0.044294	0.976842	-0.209329	0.172229	0.213864	0.961561
77923326	-7.6971	-11.6574	-212.8458	0.983542	0.006197	-0.180575	-0.045630	0.975536	-0.215053	0.174824	0.219753	0.959763
77923455	-7.8926	-11.6645	-213.7702	0.983526	0.008380	-0.180574	-0.047014	0.976408	-0.210755	0.174547	0.215773	0.960716
77923584	-8.0891	-11.6859	-214.6939	0.983358	0.008628	-0.181473	-0.048113	0.975576	-0.214329	0.175191	0.219493	0.959756
77923703	-8.2822	-11.7075	-215.6188	0.983294	0.004043	-0.181979	-0.043643	0.975827	-0.214140	0.176714	0.218505	0.959702
77923829	-8.4837	-11.7238	-216.5513	0.983470	0.004522	-0.181016	-0.044085	0.975586	-0.215146	0.175624	0.219570	0.959659
77923955	-8.6874	-11.7486	-217.4764	0.983261	0.010160	-0.181917	-0.050277	0.974807	-0.217309	0.175126	0.222818	0.959001
77924082	-8.8836	-11.7681	-218.4074	0.983324	0.009859	-0.181592	-0.050295	0.974326	-0.219453	0.174767	0.224927	0.958574
77924204	-9.0822	-11.7899	-219.3366	0.982771	0.011437	-0.184475	-0.052869	0.973777	-0.221278	0.177107	0.227219	0.957604
77924328	-9.2741	-11.8079	-220.2665	0.982912	0.006012	-0.183979	-0.047454	0.973961	-0.221694	0.177856	0.226636	0.957603
77924460	-9.4809	-11.8247	-221.1956	0.982736	0.010836	-0.184694	-0.051319	0.975076	-0.215856	0.177752	0.221607	0.958798
77924579	-9.6818	-11.8453	-222.1304	0.982554	0.010238	-0.185698	-0.051622	0.974263	-0.219423	0.178672	0.225181	0.957794
77924711	-9.8799	-11.8651	-223.0675	0.982252	0.008334	-0.187381	-0.050670	0.973658	-0.222311	0.180592	0.227860	0.956800
77924830	-10.0747	-11.8742	-223.9971	0.982860	0.007924	-0.184184	-0.049385	0.973879	-0.221633	0.177617	0.226930	0.957578
77924958	-10.2762	-11.8790	-224.9359	0.983661	0.011026	-0.179692	-0.048988	0.976853	-0.208227	0.173236	0.213628	0.961433
77925078	-10.4805	-11.9033	-225.8762	0.982864	0.009147	-0.184107	-0.049577	0.975084	-0.216224	0.177542	0.221646	0.958828
77925201	-10.6843	-11.9298	-226.8180	0.982726	0.019199	-0.184069	-0.060603	0.973149	-0.222055	0.174863	0.229374	0.957502
77925324	-10.8852	-11.9490	-227.7623	0.983395	0.015537	-0.180814	-0.055312	0.974585	-0.217082	0.172846	0.223479	0.959261
77925451	-11.0857	-11.9645	-228.7035	0.983196	0.020357	-0.181415	-0.061025	0.973245	-0.221517	0.172052	0.228865	0.958133
77925578	-11.2821	-11.9801	-229.6525	0.982879	0.015600	-0.183593	-0.057623	0.972454	-0.225859	0.175012	0.232571	0.956703
77925701	-11.4811	-11.9930	-230.5970	0.983177	0.019027	-0.181660	-0.059291	0.973948	-0.218883	0.172763	0.225971	0.958692
77925830	-11.6764	-12.0059	-231.5405	0.983159	0.015705	-0.182075	-0.056024	0.974231	-0.218485	0.173951	0.225006	0.958704
77925955	-11.8740	-12.0179	-232.4807	0.982774	0.014606	-0.184233	-0.054615	0.975302	-0.214016	0.176557	0.220392	0.959299
77926078	-12.0769	-12.0263	-233.4254	0.982977	0.016588	-0.182980	-0.055717	0.975931	-0.210841	0.175078	0.217447	0.960242
77926199	-12.2738	-12.0340	-234.3714	0.983185	0.012402	-0.182191	-0.050939	0.976715	-0.208405	0.175365	0.214181	0.960923
77926323	-12.4770	-12.0409	-235.3181	0.983249	0.014759	-0.181670	-0.053139	0.976629	-0.208261	0.174351	0.214426	0.961053
77926456	-12.6710	-12.0476	-236.2653	0.983184	0.011444	-0.182258	-0.050127	0.976611	-0.209090	0.175603	0.214710	0.960762
77926579	-12.8700	-12.0497	-237.2085	0.983130	0.006445	-0.182796	-0.045184	0.976963	-0.208570	0.177241	0.213311	0.960773
77926706	-13.0680	-12.0555	-238.1520	0.983394	0.005485	-0.181400	-0.043676	0.977317	-0.207227	0.176148	0.211709	0.961328
77926826	-13.2646	-12.0575	-239.0950	0.983382	0.009473	-0.181303	-0.047003	0.977874	-0.203847	0.175360	0.208981	0.962069
77926953	-13.4685	-12.0636	-240.0377	0.983248	0.003520	-0.182237	-0.041082	0.978367	-0.202759	0.177581	0.206849	0.962122
77927075	-13.6708	-12.0745	-240.9757	0.983136	0.007666	-0.182716	-0.045709	0.977710	-0.204924	0.177072	0.209820	0.961572
77927198	-13.8729	-12.0791	-241.9196	0.982885	0.009675	-0.183966	-0.048058	0.977507	-0.205352	0.177841	0.210679	0.961242
77927327	-14.0848	-12.0919	-242.8621	0.982685	0.018078	-0.184400	-0.057017	0.976439	-0.208123	0.176293	0.215033	0.960563
77927454	-14.2953	-12.0947	-243.8098	0.982611	0.019475	-0.184650	-0.058071	0.976828	-0.205996	0.176360	0.213136	0.960974
77927578	-14.5053	-12.1059	-244.7527	0.982530	0.020691	-0.184949	-0.060316	0.975562	-0.211282	0.176058	0.218746	0.959767
77927703	-14.7159	-12.1206	-245.6916	0.982460	0.021636	-0.185212	-0.061262	0.975564	-0.211002	0.176121	0.218648	0.959778
77927826	-14.9171	-12.1356	-246.6387	0.982543	0.021358	-0.184803	-0.059760	0.976974	-0.204819	0.176174	0.212288	0.961196
77927958	-15.1224	-12.1433	-247.5890	0.982550	0.021727	-0.184728	-0.060124	0.976936	-0.204895	0.176015	0.212426	0.961194
77928076	-15.3309	-12.1545	-248.5499	0.982583	0.024685	-0.184176	-0.063163	0.976490	-0.206101	0.174759	0.214144	0.961042
77928202	-15.5334	-12.1644	-249.5125	0.982416	0.020812	-0.185542	-0.060280	0.975904	-0.209706	0.176706	0.217203	0.959999
77928324	-15.7360	-12.1739	-250.4725	0.982572	0.015114	-0.185267	-0.055187	0.975468	-0.213112	0.177501	0.219623	0.959301
77928457	-15.9473	-12.1842	-251.4253	0.982620	0.019278	-0.184627	-0.058309	0.976306	-0.208389	0.176235	0.215533	0.960462
77928578	-16.1473	-12.1930	-252.3842	0.982971	0.020783	-0.182580	-0.059439	0.976131	-0.208892	0.173880	0.216187	0.960744
77928709	-16.3556	-12.1995	-253.3383	0.982546	0.007405	-0.185874	-0.046164	0.977657	-0.205073	0.180203	0.210075	0.960935
77928829	-16.5649	-12.2248	-254.2877	0.982161	0.019202	-0.187061	-0.059626	0.975240	-0.212959	0.178340	0.220314	0.958987
77928954	-16.7659	-12.2289	-255.2424	0.982451	0.024411	-0.184919	-0.064191	0.975089	-0.212322	0.175129	0.220466	0.959544
77929073	-16.9689	-12.2425	-256.1939	0.981813	0.016775	-0.189107	-0.056899	0.976301	-0.208804	0.181122	0.215767	0.959500
77929200	-17.1753	-12.2507	-257.1451	0.982093	0.019448	-0.187391	-0.058698	0.976735	-0.206262	0.179020	0.213568	0.960386
77929326	-17.3849	-12.2516	-258.0985	0.980878	0.019192	-0.193676	-0.058366	0.978332	-0.198647	0.185667	0.206153	0.960744
77929454	-17.5796	-12.2576	-259.0579	0.981885	0.017762	-0.188644	-0.056752	0.977458	-0.203358	0.180780	0.210380	0.960760
77929583	-17.7954	-12.2627	-260.0047	0.981599	0.019100	-0.189999	-0.058920	0.976732	-0.206211	0.181639	0.213612	0.959884
77929703	-18.0042	-12.2742	-260.9569	0.981151	0.022514	-0.191927	-0.063274	0.975869	-0.208988	0.182590	0.217193	0.958899
77929824	-18.2037	-12.2680	-261.9126	0.981112	0.018079	-0.192593	-0.059370	0.975713	-0.210854	0.184103	0.218306	0.958357
77929948	-18.4206	-12.2698	-262.8708	0.981456	0.016709	-0.190958	-0.057085	0.976472	-0.207953	0.182991	0.214997	0.959318
77930076	-18.6287	-12.2751	-263.8295	0.982187	0.016930	-0.187140	-0.055338	0.977826	-0.201973	0.179571	0.208731	0.961346
77930204	-18.8202	-12.2754	-264.7819	0.982393	0.008263	-0.186646	-0.046310	0.978614	-0.200423	0.180998	0.205538	0.961766
77930325	-19.0322	-12.2744	-265.7257	0.982776	0.014080	-0.184261	-0.049948	0.980220	-0.191504	0.177920	0.197409	0.964040
77930456	-19.2306	-12.2755	-266.6699	0.982721	0.006050	-0.184996	-0.041155	0.981589	-0.186521	0.180461	0.190911	0.964876
77930580	-19.4224	-12.2694	-267.6305	0.982603	-0.000606	-0.185720	-0.035807	0.980614	-0.192649	0.182236	0.195948	0.963532
77930706	-19.6335	-12.2563	-268.5836	0.983162	0.013207	-0.182261	-0.048515	0.980457	-0.190656	0.176181	0.196288	0.964589
77930821	-19.8369	-12.2515	-269.5379	0.982878	0.014834	-0.183660	-0.050338	0.980454	-0.190198	0.177249	0.196187	0.964414
77930956	-20.0434	-12.2635	-270.4798	0.981762	0.012453	-0.189707	-0.051449	0.978022	-0.202057	0.183021	0.208132	0.960825
77931075	-20.2411	-12.2674	-271.4263	0.982776	0.010573	-0.184500	-0.048036	0.978660	-0.199792	0.178450	0.205214	0.962311
77931199	-20.4628	-12.2663	-272.3710	0.981506	0.015799	-0.190780	-0.054435	0.978483	-0.199017	0.183531	0.205721	0.961247
77931323	-20.6513	-12.2669	-273.3203	0.981931	0.011291	-0.188904	-0.049260	0.979057	-0.197535	0.182717	0.203271	0.961923
77931454	-20.8534	-12.2547	-274.2637	0.981884	0.015493	-0.188848	-0.053141	0.979169	-0.195968	0.181878	0.202453	0.962254
77931583	-21.0584	-12.2450	-275.2048	0.981288	0.013855	-0.192048	-0.051469	0.979989	-0.192285	0.185540	0.198571	0.962364
77931699	-21.2709	-12.2394	-276.1489	0.982064	0.018159	-0.187669	-0.054714	0.979969	-0.191489	0.180433	0.198322	0.963386
77931826	-21.4821	-12.2395	-277.0913	0.981314	0.017207	-0.191641	-0.056287	0.978096	-0.200399	0.183995	0.207442	0.960788
77931953	-21.6869	-12.2326	-278.0390	0.981497	0.008896	-0.191271	-0.048420	0.977985	-0.202981	0.185254	0.208486	0.960320
77932077	-21.9060	-12.2274	-278.9758	0.981491	0.016792	-0.190772	-0.055348	0.978511	-0.198626	0.183337	0.205509	0.961329
77932200	-22.1147	-12.2247	-279.9192	0.981685	0.015421	-0.189885	-0.053393	0.979044	-0.196524	0.182875	0.203063	0.961937
77932325	-22.3212	-12.2222	-280.8683	0.981709	0.013058	-0.189937	-0.051658	0.978489	-0.199729	0.183243	0.205887	0.961266
77932453	-22.5365	-12.2283	-281.8117	0.981813	0.015797	-0.189190	-0.054464	0.978081	-0.200977	0.181868	0.207626	0.961153
77932576	-22.7498	-12.2352	-282.7572	0.981569	0.017704	-0.190287	-0.057246	0.977217	-0.204377	0.182334	0.211503	0.960219
77932705	-22.9534	-12.2530	-283.7071	0.981362	0.016213	-0.191480	-0.056797	0.976389	-0.208418	0.183580	0.215409	0.959113
77932825	-23.1533	-12.2583	-284.6555	0.982036	0.013198	-0.188229	-0.053888	0.975623	-0.212736	0.180833	0.219058	0.958808
77932954	-23.3545	-12.2713	-285.6075	0.982052	0.005275	-0.188535	-0.045077	0.977204	-0.207460	0.183143	0.212235	0.959904
77933080	-23.5590	-12.2927	-286.5518	0.981786	0.011441	-0.189646	-0.052278	0.975923	-0.211760	0.182657	0.217817	0.958745
77933201	-23.7591	-12.3096	-287.5072	0.981586	0.008811	-0.190819	-0.050395	0.975490	-0.214195	0.184255	0.219867	0.957971
77933324	-23.9665	-12.3233	-288.4634	0.981570	0.005312	-0.191031	-0.047011	0.975608	-0.214426	0.185233	0.219455	0.957877
77933453	-24.1708	-12.3387	-289.4159	0.982865	-0.001949	-0.184316	-0.038364	0.975883	-0.214897	0.180290	0.218286	0.959086
77933580	-24.3725	-12.3484	-290.3530	0.981745	0.000558	-0.190200	-0.041207	0.976869	-0.209831	0.185683	0.213838	0.959059
77933701	-24.5633	-12.3770	-291.3142	0.982575	-0.008803	-0.185658	-0.032392	0.975482	-0.217681	0.183022	0.219901	0.958199
77933826	-24.7753	-12.3845	-292.2660	0.981753	-0.006468	-0.190052	-0.036810	0.974054	-0.223303	0.186565	0.226224	0.956042
77933952	-24.9717	-12.4003	-293.2097	0.981554	-0.010345	-0.190907	-0.032775	0.974649	-0.221327	0.188357	0.223501	0.956331
77934077	-25.1749	-12.4152	-294.1562	0.981931	-0.013547	-0.188753	-0.028384	0.975608	-0.217679	0.187098	0.219103	0.957595
77934198	-25.3899	-12.4205	-295.0885	0.981333	-0.017100	-0.191553	-0.024845	0.976420	-0.214444	0.190703	0.215201	0.957769
77934322	-25.5926	-12.4387	-296.0523	0.982071	-0.006533	-0.188400	-0.035404	0.975224	-0.218369	0.185159	0.221124	0.957508
77934447	-25.8106	-12.4513	-296.9939	0.981819	-0.004568	-0.189763	-0.038849	0.973713	-0.224440	0.185800	0.227732	0.955833
77934574	-26.0209	-12.4639	-297.9478	0.981732	-0.002683	-0.190250	-0.040302	0.974280	-0.221709	0.185951	0.225326	0.956373
77934705	-26.2315	-12.4855	-298.8983	0.981944	0.003229	-0.189144	-0.048088	0.971271	-0.233068	0.182957	0.237956	0.953889
77934823	-26.4286	-12.5188	-299.8525	0.983213	0.012902	-0.182004	-0.057398	0.968727	-0.241398	0.173198	0.247792	0.953206
77934949	-26.6247	-12.5594	-300.8155	0.983883	0.007847	-0.178639	-0.053500	0.966191	-0.252217	0.170620	0.257709	0.951039
77935076	-26.8179	-12.5871	-301.7862	0.984840	0.009842	-0.173185	-0.052056	0.969142	-0.240945	0.165469	0.246308	0.954962
77935197	-27.0190	-12.6016	-302.7505	0.983993	0.007121	-0.178063	-0.049232	0.971176	-0.233224	0.171270	0.238257	0.955981
77935319	-27.2207	-12.6390	-303.7044	0.984046	0.008098	-0.177727	-0.050224	0.970978	-0.233837	0.170676	0.239033	0.955894
77935452	-27.4075	-12.6792	-304.6749	0.983961	0.015687	-0.177693	-0.058305	0.969697	-0.237250	0.168587	0.243805	0.955059
77935572	-27.6118	-12.7166	-305.6408	0.983819	0.034107	-0.175891	-0.076411	0.967829	-0.239725	0.162056	0.249286	0.954775
77935699	-27.8101	-12.7493	-306.6088	0.984182	0.025397	-0.175328	-0.065733	0.971374	-0.228279	0.164511	0.236193	0.957679
77935822	-28.0145	-12.7655	-307.5661	0.984637	0.012418	-0.174170	-0.049845	0.975953	-0.212206	0.167346	0.217628	0.961579
77935949	-28.2166	-12.7767	-308.5204	0.982679	0.005950	-0.185222	-0.045425	0.976727	-0.209622	0.179664	0.214405	0.960079
77936080	-28.4273	-12.8023	-309.4782	0.982666	0.002068	-0.185375	-0.043589	0.974482	-0.220193	0.180189	0.224456	0.957680
77936197	-28.6292	-12.8189	-310.4354	0.983167	0.003659	-0.182670	-0.046571	0.971794	-0.231189	0.176672	0.235805	0.955606
77936324	-28.8368	-12.8518	-311.3941	0.982758	0.017661	-0.184053	-0.060956	0.970725	-0.232328	0.174561	0.239542	0.955064
77936451	-29.0368	-12.8583	-312.3486	0.983441	0.019587	-0.180164	-0.059599	0.973800	-0.219459	0.171145	0.226562	0.958842
77936572	-29.2347	-12.8742	-313.2998	0.983570	0.015849	-0.179831	-0.054942	0.975165	-0.214558	0.171964	0.220913	0.960013
77936704	-29.4260	-12.8783	-314.2520	0.984256	0.017425	-0.175887	-0.053037	0.978388	-0.199862	0.168603	0.206044	0.963908
77936825	-29.6064	-12.8793	-315.1852	0.984199	-0.001365	-0.177059	-0.033806	0.980127	-0.195467	0.173807	0.198364	0.964595
77936945	-29.8137	-12.8731	-316.1198	0.983402	-0.005933	-0.181342	-0.029417	0.981027	-0.191626	0.179038	0.193780	0.964570
77937070	-30.0215	-12.8835	-317.0653	0.981929	-0.005953	-0.189157	-0.035435	0.976045	-0.214663	0.185903	0.217487	0.958196
77937193	-30.2145	-12.9236	-318.0334	0.981946	0.027441	-0.187162	-0.071499	0.969864	-0.232921	0.175130	0.242098	0.954316
77937317	-30.4092	-12.9242	-318.9444	0.982081	0.047877	-0.182276	-0.088208	0.971484	-0.220085	0.166541	0.232220	0.958300
77937450	-30.5995	-12.9195	-319.8491	0.982708	0.039641	-0.180871	-0.074907	0.978424	-0.192548	0.169336	0.202767	0.964474
77937577	-30.7996	-12.9114	-320.8046	0.982731	0.028495	-0.182834	-0.063404	0.980111	-0.188048	0.173839	0.196393	0.964992
77937699	-30.9926	-12.8905	-321.7501	0.982803	-0.001134	-0.184653	-0.034667	0.981068	-0.190537	0.181373	0.193662	0.964157
77937821	-31.2022	-12.8914	-322.6727	0.982686	0.018660	-0.184336	-0.055921	0.978388	-0.199071	0.176637	0.205933	0.962492
77937952	-31.3848	-12.8912	-323.5797	0.982442	0.017515	-0.185743	-0.054772	0.978790	-0.197407	0.178346	0.204114	0.962564
77938071	-31.5946	-12.9017	-324.5077	0.981998	0.024071	-0.187354	-0.061817	0.978183	-0.198333	0.178492	0.206345	0.962062
77938196	-31.7988	-12.9226	-325.4397	0.982516	0.025791	-0.184384	-0.066103	0.974159	-0.215976	0.174049	0.224388	0.958831
77938321	-31.9909	-12.9196	-326.3540	0.981572	0.021982	-0.189823	-0.062962	0.975097	-0.212655	0.180421	0.220688	0.958512
77938452	-32.1986	-12.9245	-327.2721	0.982119	0.020966	-0.187089	-0.059581	0.977312	-0.203250	0.178584	0.210763	0.961086
77938571	-32.3978	-12.9339	-328.1975	0.981473	0.018023	-0.190751	-0.059519	0.974991	-0.214124	0.182122	0.221510	0.958000
77938704	-32.5940	-12.9426	-329.1230	0.982734	0.020677	-0.183862	-0.061571	0.973646	-0.219595	0.174476	0.227125	0.958109
77938821	-32.8046	-12.9504	-330.0485	0.981612	0.033192	-0.187979	-0.074317	0.973521	-0.216178	0.175826	0.226173	0.958087
77938944	-32.9949	-12.9398	-330.9788	0.983430	0.022395	-0.179901	-0.058672	0.978251	-0.198952	0.171533	0.206210	0.963356
77939072	-33.2019	-12.9604	-331.9087	0.981635	0.029693	-0.188444	-0.069833	0.975180	-0.210113	0.177527	0.219414	0.959344
77939197	-33.4136	-12.9834	-332.8368	0.980238	0.038912	-0.193955	-0.082311	0.971788	-0.221029	0.179882	0.232625	0.955786
77939319	-33.6182	-13.0077	-333.7739	0.980714	0.039004	-0.191519	-0.082502	0.970920	-0.224737	0.177185	0.236204	0.955413
77939450	-33.8174	-13.0202	-334.7059	0.980274	0.027108	-0.195778	-0.071606	0.971965	-0.223955	0.184218	0.233556	0.954733
77939575	-34.0204	-13.0466	-335.6406	0.980890	0.024176	-0.193055	-0.069305	0.970581	-0.230584	0.181801	0.239557	0.953709
77939695	-34.2249	-13.0642	-336.5825	0.980675	0.021945	-0.194409	-0.067699	0.970365	-0.231968	0.183557	0.240647	0.953098
77939818	-34.4287	-13.0919	-337.5116	0.980370	0.015408	-0.196564	-0.063205	0.968889	-0.239289	0.186761	0.247016	0.950844
77939945	-34.6361	-13.1182	-338.4501	0.980382	0.014563	-0.196570	-0.060790	0.970994	-0.231247	0.187501	0.238660	0.952830
