META	HEADER	GNSS location/orientation script
META	VERSION	1.0.1
META	FORMAT	ASCII
META	CONTENT	DEFAULT
META	TIMESTAMPS	UPTIME
META	END
Uptime	Origin_X	Origin_Y	Origin_Z	Basis_XX	Basis_XY	Basis_XZ	Basis_YX	Basis_YY	Basis_YZ	Basis_ZX	Basis_ZY	Basis_ZZ
78287696	-856.4818	-35.4038	-1359.0196	0.552064	0.038325	0.832920	0.111355	0.986606	-0.119203	-0.826332	0.158558	0.540402
78287822	-856.4812	-35.4052	-1359.0183	0.551524	0.038956	0.833249	0.111871	0.986431	-0.120164	-0.826624	0.159489	0.539682
78287953	-856.4816	-35.4044	-1359.0181	0.552112	0.038744	0.832869	0.110777	0.986655	-0.119333	-0.826378	0.158148	0.540452
78288071	-856.4826	-35.4053	-1359.0181	0.552834	0.038812	0.832387	0.111703	0.986447	-0.120184	-0.825771	0.159422	0.541006
78288197	-856.4819	-35.4054	-1359.0174	0.552404	0.038946	0.832666	0.110788	0.986616	-0.119646	-0.826182	0.158342	0.540696
78288319	-856.4824	-35.4064	-1359.0167	0.552214	0.038789	0.832799	0.111941	0.986422	-0.120170	-0.826153	0.159584	0.540374
78288452	-856.4823	-35.4070	-1359.0175	0.552280	0.037729	0.832805	0.111718	0.986615	-0.118783	-0.826139	0.158641	0.540673
78288582	-856.4819	-35.4062	-1359.0169	0.552087	0.037581	0.832939	0.111859	0.986615	-0.118656	-0.826249	0.158680	0.540494
78288697	-856.4819	-35.4021	-1359.0158	0.551717	0.038896	0.833124	0.111108	0.986581	-0.119639	-0.826597	0.158574	0.539992
78288820	-856.4819	-35.4019	-1359.0158	0.552088	0.038081	0.832916	0.110956	0.986716	-0.118658	-0.826370	0.157927	0.540529
78288949	-856.4819	-35.4021	-1359.0156	0.551983	0.038573	0.832963	0.111047	0.986632	-0.119277	-0.826428	0.158336	0.540320
78289068	-856.4818	-35.4018	-1359.0152	0.552257	0.037213	0.832843	0.110513	0.986919	-0.117378	-0.826316	0.156863	0.540921
78289196	-856.4815	-35.4040	-1359.0149	0.551792	0.036519	0.833182	0.112606	0.986630	-0.117820	-0.826345	0.158834	0.540302
78289319	-856.4818	-35.4023	-1359.0155	0.552294	0.036714	0.832841	0.111359	0.986827	-0.117350	-0.826178	0.157555	0.540930
78289451	-856.4818	-35.4036	-1359.0161	0.551727	0.036804	0.833212	0.111894	0.986728	-0.117678	-0.826484	0.158158	0.540287
78289581	-856.4817	-35.4037	-1359.0150	0.551860	0.038262	0.833058	0.110438	0.986795	-0.118483	-0.826592	0.157388	0.540347
78289696	-856.4817	-35.4027	-1359.0168	0.552237	0.038945	0.832777	0.109984	0.986774	-0.119080	-0.826401	0.157352	0.540650
78289817	-856.4819	-35.4022	-1359.0168	0.552665	0.038885	0.832496	0.109112	0.986937	-0.118535	-0.826230	0.156345	0.541203
78289944	-856.4820	-35.4017	-1359.0160	0.552432	0.038171	0.832683	0.109276	0.987013	-0.117743	-0.826364	0.156037	0.541087
78290071	-856.4817	-35.4021	-1359.0157	0.552278	0.037554	0.832813	0.110873	0.986802	-0.118023	-0.826254	0.157518	0.540826
78290197	-856.4820	-35.4016	-1359.0168	0.552148	0.037752	0.832891	0.110739	0.986803	-0.118141	-0.826359	0.157465	0.540681
78290319	-856.4819	-35.4000	-1359.0174	0.552494	0.038344	0.832635	0.108951	0.987049	-0.117749	-0.826366	0.155772	0.541160
78290451	-856.4815	-35.4004	-1359.0173	0.552386	0.039302	0.832661	0.109249	0.986859	-0.119056	-0.826398	0.156732	0.540833
78290579	-856.4822	-35.3997	-1359.0183	0.552674	0.039321	0.832469	0.108788	0.986936	-0.118841	-0.826266	0.156243	0.541177
78290694	-856.4818	-35.4003	-1359.0187	0.552573	0.039064	0.832549	0.110291	0.986690	-0.119498	-0.826135	0.157854	0.540909
78290818	-856.4823	-35.3984	-1359.0195	0.553051	0.040717	0.832152	0.107842	0.986904	-0.119962	-0.826139	0.156086	0.541417
78290948	-856.4820	-35.3997	-1359.0190	0.552592	0.040065	0.832489	0.108852	0.986819	-0.119747	-0.826313	0.156789	0.540947
78291071	-856.4822	-35.3996	-1359.0190	0.552910	0.040155	0.832273	0.109484	0.986677	-0.120339	-0.826017	0.157657	0.541147
78291196	-856.4819	-35.3985	-1359.0191	0.553055	0.039662	0.832200	0.107601	0.987100	-0.118553	-0.826167	0.155111	0.541653
78291318	-856.4821	-35.3974	-1359.0200	0.552286	0.039544	0.832717	0.109701	0.986741	-0.119616	-0.826406	0.157412	0.540625
78291448	-856.4814	-35.3981	-1359.0196	0.553410	0.039351	0.831979	0.108147	0.987033	-0.118621	-0.825858	0.155622	0.541978
78291574	-856.4814	-35.3987	-1359.0191	0.552046	0.038958	0.832903	0.109615	0.986848	-0.118811	-0.826577	0.156888	0.540515
78291693	-856.4821	-35.3971	-1359.0198	0.552776	0.039197	0.832408	0.108247	0.987053	-0.118363	-0.826270	0.155534	0.541376
78291822	-856.4815	-35.3974	-1359.0188	0.552090	0.040009	0.832824	0.108036	0.986995	-0.119034	-0.826756	0.155692	0.540588
78291948	-856.4829	-35.3977	-1359.0191	0.552395	0.038349	0.832700	0.109857	0.986879	-0.118326	-0.826312	0.156840	0.540934
78292069	-856.4815	-35.3976	-1359.0185	0.552251	0.038198	0.832802	0.109888	0.986899	-0.118135	-0.826404	0.156755	0.540818
78292196	-856.4815	-35.3976	-1359.0192	0.552122	0.039417	0.832831	0.109137	0.986871	-0.119059	-0.826590	0.156628	0.540571
78292319	-856.4821	-35.3982	-1359.0184	0.552556	0.039107	0.832558	0.108758	0.986975	-0.118541	-0.826349	0.156048	0.541106
78292449	-856.4805	-35.3989	-1359.0181	0.551991	0.039034	0.832936	0.109261	0.986905	-0.118658	-0.826661	0.156505	0.540498
78292581	-856.4808	-35.3992	-1359.0173	0.552001	0.038278	0.832964	0.109964	0.986879	-0.118224	-0.826561	0.156856	0.540549
78292695	-856.4825	-35.4003	-1359.0172	0.551863	0.040091	0.832970	0.109789	0.986657	-0.120225	-0.826676	0.157798	0.540098
78292820	-856.4825	-35.3988	-1359.0179	0.551976	0.039507	0.832924	0.109633	0.986768	-0.119457	-0.826622	0.157254	0.540340
78292947	-856.4816	-35.4018	-1359.0167	0.551647	0.038949	0.833168	0.111240	0.986550	-0.119772	-0.826626	0.158753	0.539895
78293070	-856.4816	-35.4008	-1359.0178	0.551846	0.038383	0.833063	0.110863	0.986698	-0.118901	-0.826544	0.157971	0.540249
78293197	-856.4812	-35.4014	-1359.0165	0.550965	0.039330	0.833601	0.111423	0.986478	-0.120188	-0.827056	0.159102	0.539133
78293318	-856.4820	-35.4020	-1359.0172	0.551625	0.040301	0.833118	0.110981	0.986405	-0.121199	-0.826676	0.159316	0.539653
78293450	-856.4816	-35.4024	-1359.0171	0.551299	0.040070	0.833345	0.111482	0.986351	-0.121178	-0.826826	0.159708	0.539307
78293578	-856.4821	-35.4023	-1359.0169	0.551657	0.039236	0.833148	0.110910	0.986571	-0.119899	-0.826664	0.158548	0.539897
78293695	-856.4824	-35.3994	-1359.0188	0.551475	0.037664	0.833341	0.112500	0.986496	-0.119035	-0.826571	0.159395	0.539791
78293819	-856.4833	-35.3975	-1359.0202	0.552166	0.039287	0.832808	0.110707	0.986589	-0.119942	-0.826352	0.158426	0.540411
78293947	-856.4829	-35.3982	-1359.0194	0.551924	0.039828	0.832943	0.110018	0.986650	-0.120077	-0.826605	0.157912	0.540173
78294071	-856.4828	-35.3996	-1359.0189	0.551958	0.040308	0.832897	0.109888	0.986604	-0.120569	-0.826600	0.158074	0.540134
78294195	-856.4829	-35.4004	-1359.0187	0.551912	0.038662	0.833006	0.111264	0.986579	-0.119507	-0.826446	0.158641	0.540203
78294316	-856.4833	-35.3983	-1359.0202	0.552000	0.040039	0.832882	0.109882	0.986643	-0.120256	-0.826572	0.157900	0.540228
78294444	-856.4831	-35.3994	-1359.0187	0.551880	0.039041	0.833009	0.110592	0.986654	-0.119511	-0.826558	0.158080	0.540197
78294575	-856.4830	-35.4005	-1359.0186	0.552084	0.039028	0.832874	0.110881	0.986595	-0.119731	-0.826383	0.158452	0.540356
78294696	-856.4834	-35.4002	-1359.0180	0.551950	0.037835	0.833019	0.111717	0.986609	-0.118834	-0.826360	0.158653	0.540332
78294819	-856.4829	-35.4009	-1359.0179	0.551954	0.040653	0.832883	0.110597	0.986418	-0.121439	-0.826508	0.159143	0.539961
78294947	-856.4829	-35.4011	-1359.0179	0.551995	0.038623	0.832952	0.112762	0.986293	-0.120460	-0.826188	0.160419	0.540074
78295070	-856.4831	-35.4008	-1359.0176	0.551712	0.039223	0.833112	0.111923	0.986377	-0.120558	-0.826491	0.159757	0.539805
78295193	-856.4828	-35.4013	-1359.0177	0.551774	0.039334	0.833066	0.112004	0.986343	-0.120757	-0.826439	0.159937	0.539833
78295314	-856.4827	-35.4034	-1359.0162	0.551576	0.037890	0.833264	0.114018	0.986166	-0.120316	-0.826295	0.161370	0.539625
78295449	-856.4824	-35.4037	-1359.0168	0.551792	0.038457	0.833094	0.112653	0.986344	-0.120146	-0.826338	0.160147	0.539925
78295571	-856.4823	-35.4042	-1359.0162	0.551438	0.037616	0.833367	0.113989	0.986215	-0.119942	-0.826391	0.161135	0.539549
78295695	-856.4826	-35.4027	-1359.0160	0.551268	0.038808	0.833425	0.114106	0.986025	-0.121389	-0.826489	0.162017	0.539135
78295821	-856.4825	-35.4033	-1359.0157	0.551602	0.038698	0.833209	0.112368	0.986370	-0.120201	-0.826504	0.159929	0.539735
78295950	-856.4827	-35.4043	-1359.0154	0.551815	0.037737	0.833112	0.114033	0.986179	-0.120201	-0.826134	0.161331	0.539885
78296069	-856.4822	-35.4043	-1359.0171	0.551364	0.037139	0.833437	0.114036	0.986277	-0.119390	-0.826434	0.160870	0.539563
78296193	-856.4813	-35.4062	-1359.0153	0.550937	0.038983	0.833636	0.113789	0.986071	-0.121313	-0.826753	0.161695	0.538827
78296319	-856.4815	-35.4054	-1359.0167	0.551381	0.039869	0.833300	0.112242	0.986231	-0.121454	-0.826668	0.160498	0.539314
78296450	-856.4815	-35.4055	-1359.0171	0.550868	0.039513	0.833656	0.113377	0.986076	-0.121655	-0.826855	0.161533	0.538718
78296574	-856.4812	-35.4062	-1359.0155	0.550811	0.039778	0.833681	0.113374	0.986039	-0.121954	-0.826894	0.161692	0.538612
78296697	-856.4821	-35.4029	-1359.0191	0.550996	0.043414	0.833378	0.111563	0.985849	-0.125118	-0.827017	0.161914	0.538356
78296820	-856.4814	-35.4034	-1359.0185	0.550946	0.042731	0.833446	0.111144	0.986035	-0.124026	-0.827107	0.160964	0.538503
78296947	-856.4816	-35.4021	-1359.0191	0.550830	0.041322	0.833594	0.112263	0.986029	-0.123061	-0.827033	0.161367	0.538496
78297069	-856.4819	-35.4017	-1359.0187	0.550788	0.039319	0.833718	0.113072	0.986166	-0.121208	-0.826950	0.161030	0.538723
78297196	-856.4812	-35.4028	-1359.0187	0.550919	0.041144	0.833544	0.112206	0.986064	-0.122833	-0.826981	0.161200	0.538624
78297318	-856.4818	-35.4021	-1359.0193	0.551269	0.040399	0.833349	0.112131	0.986178	-0.121984	-0.826758	0.160691	0.539119
78297448	-856.4806	-35.4023	-1359.0187	0.550797	0.040843	0.833639	0.111695	0.986211	-0.122116	-0.827132	0.160375	0.538640
78297571	-856.4813	-35.4016	-1359.0192	0.550673	0.040475	0.833739	0.111955	0.986218	-0.121821	-0.827179	0.160425	0.538552
78297696	-856.4813	-35.4001	-1359.0195	0.551336	0.040874	0.833281	0.110115	0.986496	-0.121246	-0.826984	0.158604	0.539390
78297822	-856.4810	-35.3996	-1359.0192	0.551184	0.040100	0.833420	0.110675	0.986505	-0.120661	-0.827011	0.158745	0.539307
78297951	-856.4815	-35.4015	-1359.0194	0.551329	0.039945	0.833331	0.110924	0.986476	-0.120672	-0.826881	0.158966	0.539442
78298068	-856.4814	-35.3991	-1359.0202	0.551081	0.040665	0.833460	0.110468	0.986466	-0.121172	-0.827107	0.158846	0.539130
78298197	-856.4811	-35.3994	-1359.0202	0.551713	0.040098	0.833070	0.110319	0.986559	-0.120546	-0.826706	0.158411	0.539874
78298319	-856.4815	-35.3989	-1359.0218	0.551165	0.039701	0.833451	0.111394	0.986425	-0.120654	-0.826927	0.159342	0.539260
78298452	-856.4809	-35.4001	-1359.0205	0.551224	0.038878	0.833451	0.112097	0.986407	-0.120152	-0.826793	0.159658	0.539372
78298575	-856.4808	-35.3988	-1359.0203	0.551603	0.039079	0.833191	0.111576	0.986468	-0.120136	-0.826611	0.159231	0.539778
78298697	-856.4821	-35.3980	-1359.0198	0.551376	0.040286	0.833283	0.110551	0.986496	-0.120844	-0.826899	0.158751	0.539477
78298819	-856.4811	-35.3990	-1359.0191	0.551209	0.037962	0.833503	0.112127	0.986533	-0.119083	-0.826799	0.159098	0.539529
78298945	-856.4818	-35.3991	-1359.0192	0.551819	0.039525	0.833026	0.110226	0.986656	-0.119831	-0.826647	0.157946	0.540099
78299071	-856.4820	-35.3993	-1359.0191	0.551632	0.039496	0.833152	0.111204	0.986478	-0.120393	-0.826642	0.159063	0.539780
78299198	-856.4821	-35.3993	-1359.0203	0.552203	0.038818	0.832805	0.112464	0.986317	-0.120544	-0.826089	0.160225	0.540282
78299320	-856.4821	-35.3985	-1359.0196	0.551667	0.039678	0.833120	0.110745	0.986539	-0.120316	-0.826680	0.158639	0.539847
78299451	-856.4815	-35.3989	-1359.0194	0.552005	0.038468	0.832953	0.113159	0.986238	-0.120538	-0.826127	0.160793	0.540056
78299577	-856.4807	-35.3985	-1359.0177	0.551993	0.037453	0.833007	0.112821	0.986450	-0.119113	-0.826181	0.159730	0.540288
78299694	-856.4805	-35.3997	-1359.0165	0.551787	0.034927	0.833253	0.114307	0.986526	-0.117047	-0.826114	0.159832	0.540360
78299817	-856.4813	-35.3991	-1359.0174	0.551582	0.037053	0.833297	0.113885	0.986312	-0.119241	-0.826310	0.160671	0.539812
78299949	-856.4813	-35.4024	-1359.0175	0.551805	0.035968	0.833197	0.114808	0.986281	-0.118611	-0.826033	0.161108	0.540106
78300072	-856.4819	-35.3992	-1359.0186	0.552611	0.037338	0.832603	0.111547	0.986695	-0.118284	-0.825941	0.158240	0.541093
78300197	-856.4818	-35.4006	-1359.0165	0.551906	0.037127	0.833080	0.112640	0.986534	-0.118588	-0.826264	0.159288	0.540292
78300318	-856.4825	-35.4015	-1359.0180	0.552533	0.037460	0.832649	0.112404	0.986515	-0.118972	-0.825877	0.159329	0.540871
78300452	-856.4819	-35.4027	-1359.0160	0.551521	0.036558	0.833360	0.113969	0.986368	-0.118695	-0.826339	0.160440	0.539836
78300576	-856.4825	-35.4026	-1359.0162	0.552001	0.036889	0.833027	0.113579	0.986384	-0.118942	-0.826072	0.160271	0.540295
78300695	-856.4822	-35.4011	-1359.0158	0.551648	0.040305	0.833102	0.113447	0.985924	-0.122819	-0.826325	0.162266	0.539311
78300823	-856.4826	-35.4003	-1359.0167	0.552167	0.040833	0.832733	0.113158	0.985887	-0.123375	-0.826018	0.162354	0.539754
78300948	-856.4819	-35.3962	-1359.0165	0.552008	0.037574	0.832992	0.113880	0.986227	-0.119952	-0.826026	0.161076	0.540126
78301070	-856.4832	-35.3950	-1359.0167	0.552413	0.034567	0.832853	0.114325	0.986556	-0.116776	-0.825693	0.159725	0.541035
78301197	-856.4823	-35.3969	-1359.0165	0.551873	0.036524	0.833128	0.114378	0.986284	-0.119004	-0.826047	0.160966	0.540126
78301320	-856.4828	-35.3957	-1359.0176	0.552431	0.037021	0.832736	0.112311	0.986598	-0.118367	-0.825957	0.158915	0.540870
78301450	-856.4827	-35.3980	-1359.0166	0.552438	0.037348	0.832717	0.112669	0.986482	-0.118990	-0.825905	0.159556	0.540762
78301575	-856.4826	-35.3995	-1359.0161	0.551745	0.035474	0.833258	0.114792	0.986356	-0.118002	-0.826075	0.160758	0.540145
78301696	-856.4820	-35.3959	-1359.0175	0.552483	0.040331	0.832548	0.110918	0.986388	-0.121390	-0.826111	0.159411	0.540489
78301822	-856.4824	-35.3964	-1359.0177	0.551893	0.041193	0.832897	0.112609	0.985950	-0.123380	-0.826277	0.161884	0.539500
78301949	-856.4823	-35.3940	-1359.0189	0.552413	0.039641	0.832627	0.111213	0.986434	-0.120749	-0.826118	0.159302	0.540511
78302071	-856.4826	-35.3938	-1359.0183	0.551889	0.039417	0.832986	0.111596	0.986407	-0.120614	-0.826417	0.159524	0.539988
78302197	-856.4823	-35.3933	-1359.0191	0.552135	0.038072	0.832885	0.112304	0.986457	-0.119540	-0.826157	0.159538	0.540382
78302319	-856.4831	-35.3939	-1359.0200	0.551969	0.037358	0.833028	0.113136	0.986403	-0.119201	-0.826154	0.160041	0.540237
78302450	-856.4830	-35.3958	-1359.0202	0.551892	0.039372	0.832985	0.111672	0.986399	-0.120611	-0.826404	0.159585	0.539989
78302575	-856.4842	-35.3930	-1359.0219	0.552484	0.039759	0.832574	0.110472	0.986557	-0.120420	-0.826170	0.158507	0.540665
78302697	-856.4829	-35.3938	-1359.0213	0.552577	0.040930	0.832456	0.110035	0.986468	-0.121543	-0.826166	0.158761	0.540596
78302823	-856.4829	-35.3913	-1359.0214	0.552495	0.041894	0.832463	0.108933	0.986541	-0.121945	-0.826367	0.158057	0.540495
78302949	-856.4832	-35.3920	-1359.0218	0.552151	0.042194	0.832676	0.108562	0.986577	-0.121980	-0.826646	0.157748	0.540159
78303070	-856.4821	-35.3915	-1359.0203	0.552188	0.040234	0.832748	0.110406	0.986509	-0.120872	-0.826377	0.158684	0.540297
78303197	-856.4813	-35.3911	-1359.0180	0.552425	0.039561	0.832623	0.110899	0.986506	-0.120451	-0.826153	0.158877	0.540583
78303316	-856.4835	-35.3893	-1359.0198	0.552611	0.040732	0.832443	0.108286	0.986830	-0.120171	-0.826375	0.156550	0.540922
78303445	-856.4834	-35.3898	-1359.0231	0.552147	0.041929	0.832692	0.108618	0.986606	-0.121702	-0.826641	0.157643	0.540197
78303580	-856.4822	-35.3917	-1359.0235	0.552496	0.041775	0.832468	0.108427	0.986655	-0.121473	-0.826433	0.157375	0.540593
78303696	-856.4830	-35.3940	-1359.0217	0.552764	0.041144	0.832322	0.107662	0.986884	-0.120286	-0.826354	0.156100	0.541084
78303823	-856.4833	-35.3930	-1359.0240	0.553310	0.042681	0.831881	0.106265	0.986910	-0.121315	-0.826169	0.155525	0.541531
78303948	-856.4818	-35.3936	-1359.0222	0.552452	0.042404	0.832465	0.106733	0.986885	-0.121102	-0.826683	0.155755	0.540681
78304070	-856.4825	-35.3929	-1359.0229	0.552368	0.041661	0.832559	0.107204	0.986907	-0.120509	-0.826678	0.155819	0.540670
78304194	-856.4819	-35.3952	-1359.0248	0.552576	0.042865	0.832360	0.106807	0.986801	-0.121724	-0.826591	0.156163	0.540704
78304315	-856.4819	-35.3946	-1359.0236	0.552145	0.043361	0.832620	0.106668	0.986766	-0.122124	-0.826897	0.156244	0.540213
78304452	-856.4819	-35.3938	-1359.0222	0.552114	0.044063	0.832603	0.106118	0.986768	-0.122590	-0.826988	0.156038	0.540133
78304575	-856.4817	-35.3949	-1359.0226	0.551650	0.042051	0.833015	0.108688	0.986588	-0.121780	-0.826964	0.157719	0.539681
78304695	-856.4816	-35.3951	-1359.0226	0.552206	0.043725	0.832560	0.107641	0.986526	-0.123205	-0.826730	0.157653	0.540059
78304819	-856.4814	-35.3958	-1359.0229	0.552823	0.044470	0.832111	0.106877	0.986544	-0.123729	-0.826416	0.157334	0.540631
78304947	-856.4812	-35.3955	-1359.0233	0.552390	0.042637	0.832494	0.108518	0.986514	-0.122531	-0.826492	0.158025	0.540314
78305069	-856.4813	-35.3986	-1359.0223	0.552844	0.042153	0.832218	0.109007	0.986479	-0.122380	-0.826124	0.158375	0.540774
78305193	-856.4818	-35.3977	-1359.0234	0.552860	0.042964	0.832166	0.108076	0.986537	-0.122736	-0.826235	0.157793	0.540774
78305319	-856.4821	-35.3967	-1359.0246	0.552903	0.044809	0.832040	0.107129	0.986443	-0.124313	-0.826331	0.157869	0.540606
78305449	-856.4819	-35.3994	-1359.0236	0.553181	0.043523	0.831923	0.107517	0.986552	-0.123105	-0.826094	0.157545	0.541063
78305570	-856.4816	-35.4000	-1359.0240	0.552497	0.042935	0.832409	0.109498	0.986279	-0.123549	-0.826291	0.159408	0.540214
78305696	-856.4818	-35.4010	-1359.0231	0.552957	0.044391	0.832027	0.107220	0.986486	-0.123889	-0.826282	0.157715	0.540725
78305822	-856.4823	-35.3988	-1359.0242	0.553223	0.044196	0.831860	0.106140	0.986713	-0.123011	-0.826244	0.156346	0.541181
78305948	-856.4815	-35.4008	-1359.0243	0.552892	0.043799	0.832101	0.108073	0.986413	-0.123730	-0.826215	0.158337	0.540647
78306071	-856.4822	-35.3975	-1359.0221	0.552673	0.044593	0.832204	0.106022	0.986692	-0.123282	-0.826627	0.156367	0.540590
78306196	-856.4818	-35.3967	-1359.0223	0.552047	0.045120	0.832591	0.105449	0.986740	-0.123392	-0.827118	0.155914	0.539969
78306318	-856.4823	-35.3971	-1359.0221	0.552301	0.043314	0.832519	0.106568	0.986788	-0.122038	-0.826805	0.156121	0.540388
78306451	-856.4824	-35.3966	-1359.0220	0.552768	0.042791	0.832236	0.105964	0.986965	-0.121128	-0.826571	0.155142	0.541028
78306571	-856.4826	-35.3960	-1359.0225	0.552938	0.043666	0.832078	0.105418	0.986935	-0.121845	-0.826527	0.155089	0.541111
78306701	-856.4830	-35.3950	-1359.0210	0.552576	0.045714	0.832208	0.106696	0.986399	-0.125029	-0.826605	0.157882	0.540183
78306820	-856.4832	-35.3949	-1359.0210	0.552561	0.047318	0.832128	0.107286	0.986043	-0.127311	-0.826538	0.159623	0.539773
78306948	-856.4830	-35.3951	-1359.0214	0.553187	0.046101	0.831781	0.106525	0.986356	-0.125514	-0.826218	0.158038	0.540728
78307068	-856.4832	-35.3949	-1359.0221	0.552840	0.047450	0.831935	0.105834	0.986294	-0.126584	-0.826539	0.158028	0.540241
78307196	-856.4830	-35.3951	-1359.0217	0.552612	0.046177	0.832159	0.107081	0.986255	-0.125837	-0.826531	0.158647	0.540071
78307319	-856.4835	-35.3949	-1359.0226	0.553095	0.047122	0.831785	0.106031	0.986299	-0.126381	-0.826343	0.158096	0.540520
78307451	-856.4828	-35.3958	-1359.0215	0.552444	0.045548	0.832304	0.107205	0.986331	-0.125135	-0.826627	0.158357	0.540010
78307571	-856.4835	-35.3947	-1359.0231	0.553024	0.044741	0.831963	0.107248	0.986427	-0.124338	-0.826234	0.157988	0.540720
78307696	-856.4834	-35.3926	-1359.0231	0.552688	0.044961	0.832174	0.107137	0.986425	-0.124450	-0.826473	0.157939	0.540369
78307820	-856.4826	-35.3940	-1359.0235	0.552731	0.045016	0.832143	0.108226	0.986206	-0.125237	-0.826303	0.159282	0.540235
78307948	-856.4821	-35.3948	-1359.0211	0.552430	0.043658	0.832415	0.108187	0.986425	-0.123533	-0.826509	0.158300	0.540208
78308071	-856.4820	-35.3955	-1359.0202	0.552046	0.042751	0.832717	0.109350	0.986347	-0.123131	-0.826612	0.159032	0.539835
78308198	-856.4820	-35.3944	-1359.0215	0.551738	0.043942	0.832859	0.109469	0.986156	-0.124549	-0.826802	0.159891	0.539289
78308320	-856.4807	-35.3953	-1359.0193	0.551768	0.043882	0.832842	0.108596	0.986333	-0.123915	-0.826897	0.158816	0.539461
78308451	-856.4819	-35.3933	-1359.0212	0.552102	0.044832	0.832570	0.107970	0.986301	-0.124708	-0.826756	0.158744	0.539698
78308570	-856.4814	-35.3958	-1359.0198	0.551882	0.043222	0.832801	0.109845	0.986187	-0.123975	-0.826656	0.159898	0.539511
78308699	-856.4817	-35.3951	-1359.0201	0.551694	0.044313	0.832869	0.108750	0.986241	-0.124510	-0.826927	0.159266	0.539284
78308816	-856.4818	-35.3961	-1359.0201	0.551840	0.041796	0.832902	0.110586	0.986256	-0.122760	-0.826586	0.159851	0.539633
78308950	-856.4809	-35.3953	-1359.0194	0.551927	0.042614	0.832803	0.108296	0.986573	-0.122254	-0.826831	0.157665	0.539901
78309071	-856.4816	-35.3959	-1359.0196	0.551448	0.042236	0.833140	0.110118	0.986292	-0.122887	-0.826910	0.159509	0.539238
78309197	-856.4816	-35.3956	-1359.0205	0.551332	0.044116	0.833119	0.109351	0.986165	-0.124585	-0.827088	0.159790	0.538880
78309319	-856.4811	-35.3944	-1359.0200	0.551466	0.044167	0.833028	0.108545	0.986309	-0.124151	-0.827106	0.158886	0.539121
78309450	-856.4812	-35.3967	-1359.0198	0.551279	0.043843	0.833168	0.109748	0.986130	-0.124509	-0.827071	0.160078	0.538821
78309573	-856.4810	-35.3954	-1359.0207	0.551604	0.044497	0.832919	0.108621	0.986241	-0.124623	-0.827004	0.159216	0.539180
78309693	-856.4818	-35.3963	-1359.0210	0.551504	0.045054	0.832955	0.108849	0.986116	-0.125408	-0.827040	0.159830	0.538942
78309821	-856.4822	-35.3955	-1359.0214	0.551797	0.045911	0.832714	0.107061	0.986323	-0.125323	-0.827078	0.158304	0.539334
78309948	-856.4815	-35.3966	-1359.0215	0.552048	0.046604	0.832509	0.106244	0.986367	-0.125668	-0.827016	0.157824	0.539570
78310070	-856.4823	-35.3970	-1359.0205	0.551629	0.046665	0.832783	0.107294	0.986169	-0.126331	-0.827160	0.159041	0.538993
78310197	-856.4818	-35.3956	-1359.0212	0.551850	0.047990	0.832561	0.106337	0.986144	-0.127326	-0.827136	0.158797	0.539101
78310320	-856.4817	-35.3969	-1359.0215	0.551632	0.046938	0.832766	0.108161	0.985960	-0.127220	-0.827045	0.160251	0.538810
78310450	-856.4813	-35.3952	-1359.0218	0.551754	0.046086	0.832732	0.107950	0.986126	-0.126101	-0.826991	0.159471	0.539125
78310575	-856.4817	-35.3967	-1359.0222	0.551712	0.048006	0.832652	0.106663	0.986083	-0.127527	-0.827186	0.159171	0.538913
78310697	-856.4814	-35.3974	-1359.0194	0.551444	0.045327	0.832979	0.107211	0.986392	-0.124650	-0.827294	0.158042	0.539080
78310820	-856.4811	-35.3988	-1359.0197	0.551671	0.045899	0.832798	0.107282	0.986286	-0.125425	-0.827133	0.158537	0.539181
78310948	-856.4814	-35.3998	-1359.0198	0.551890	0.045062	0.832699	0.108120	0.986244	-0.125030	-0.826878	0.159034	0.539426
78311072	-856.4809	-35.3996	-1359.0198	0.551735	0.046345	0.832731	0.108270	0.986026	-0.126612	-0.826962	0.160016	0.539007
78311198	-856.4815	-35.3994	-1359.0198	0.551706	0.045454	0.832799	0.107197	0.986368	-0.124850	-0.827121	0.158154	0.539312
78311320	-856.4811	-35.3993	-1359.0201	0.551569	0.046144	0.832852	0.107025	0.986301	-0.125525	-0.827234	0.158372	0.539075
78311450	-856.4817	-35.3990	-1359.0194	0.551642	0.045828	0.832821	0.107410	0.986272	-0.125418	-0.827136	0.158639	0.539147
78311573	-856.4816	-35.3997	-1359.0198	0.551839	0.046066	0.832677	0.107449	0.986223	-0.125770	-0.826999	0.158875	0.539287
78311697	-856.4819	-35.3990	-1359.0194	0.551773	0.046860	0.832677	0.107592	0.986077	-0.126789	-0.827025	0.159548	0.539049
78311822	-856.4813	-35.3983	-1359.0201	0.551095	0.047734	0.833076	0.106805	0.986116	-0.127156	-0.827579	0.159051	0.538345
78311949	-856.4826	-35.3968	-1359.0202	0.552005	0.046715	0.832531	0.106369	0.986327	-0.125872	-0.827028	0.158038	0.539489
78312071	-856.4821	-35.3970	-1359.0200	0.551501	0.046157	0.832896	0.107085	0.986289	-0.125564	-0.827272	0.158439	0.538997
78312197	-856.4824	-35.3994	-1359.0189	0.551477	0.046117	0.832914	0.107812	0.986156	-0.125984	-0.827194	0.159275	0.538871
78312318	-856.4818	-35.4004	-1359.0184	0.551823	0.043455	0.832828	0.108975	0.986322	-0.123670	-0.826811	0.159001	0.539539
78312448	-856.4819	-35.4014	-1359.0186	0.551535	0.043833	0.832999	0.109950	0.986085	-0.124688	-0.826873	0.160358	0.539041
78312580	-856.4826	-35.4007	-1359.0188	0.551853	0.043686	0.832796	0.108985	0.986284	-0.123957	-0.826789	0.159169	0.539523
78312697	-856.4819	-35.4017	-1359.0172	0.551309	0.043213	0.833181	0.110361	0.986105	-0.124170	-0.826970	0.160407	0.538879
78312820	-856.4823	-35.4017	-1359.0177	0.552159	0.043419	0.832608	0.109863	0.986146	-0.124283	-0.826469	0.160097	0.539739
78312948	-856.4819	-35.4007	-1359.0173	0.550778	0.045438	0.833414	0.108486	0.986149	-0.125460	-0.827571	0.159514	0.538220
78313070	-856.4836	-35.3988	-1359.0180	0.551637	0.046339	0.832796	0.107219	0.986232	-0.125897	-0.827165	0.158741	0.539073
78313194	-856.4825	-35.4009	-1359.0175	0.551634	0.044957	0.832874	0.107431	0.986399	-0.124398	-0.827139	0.158099	0.539301
78313316	-856.4825	-35.4012	-1359.0174	0.551534	0.044359	0.832972	0.109159	0.986159	-0.124795	-0.826979	0.159755	0.539058
78313452	-856.4829	-35.3994	-1359.0187	0.551768	0.046133	0.832721	0.107026	0.986296	-0.125558	-0.827102	0.158402	0.539269
78313577	-856.4819	-35.4015	-1359.0182	0.551662	0.043620	0.832926	0.108279	0.986435	-0.123374	-0.827009	0.158249	0.539456
78313696	-856.4826	-35.3983	-1359.0183	0.551284	0.045474	0.833078	0.107811	0.986259	-0.125179	-0.827323	0.158824	0.538806
78313820	-856.4820	-35.4001	-1359.0183	0.551528	0.045326	0.832924	0.108433	0.986155	-0.125465	-0.827078	0.159514	0.538977
78313949	-856.4828	-35.3979	-1359.0181	0.551344	0.044935	0.833067	0.107864	0.986328	-0.124589	-0.827276	0.158549	0.538959
78314069	-856.4826	-35.3966	-1359.0186	0.552036	0.044408	0.832637	0.108064	0.986349	-0.124253	-0.826788	0.158570	0.539701
78314195	-856.4819	-35.3968	-1359.0180	0.551431	0.043951	0.833062	0.108076	0.986432	-0.123582	-0.827190	0.158181	0.539198
78314320	-856.4817	-35.3956	-1359.0193	0.552075	0.044336	0.832615	0.108380	0.986297	-0.124383	-0.826721	0.158908	0.539705
78314451	-856.4816	-35.3956	-1359.0190	0.551680	0.043799	0.832905	0.109176	0.986236	-0.124175	-0.826879	0.159438	0.539305
78314574	-856.4819	-35.3933	-1359.0194	0.551925	0.044625	0.832699	0.107258	0.986474	-0.123958	-0.826967	0.157729	0.539673
78314700	-856.4822	-35.3951	-1359.0199	0.551604	0.043487	0.832972	0.108501	0.986414	-0.123348	-0.827019	0.158417	0.539392
78314820	-856.4821	-35.3935	-1359.0196	0.551831	0.042433	0.832876	0.108276	0.986606	-0.122005	-0.826897	0.157506	0.539845
78314948	-856.4813	-35.3948	-1359.0192	0.551446	0.043559	0.833073	0.108805	0.986350	-0.123596	-0.827085	0.158799	0.539179
78315069	-856.4813	-35.3931	-1359.0197	0.551098	0.042055	0.833380	0.109045	0.986535	-0.121894	-0.827285	0.158051	0.539091
78315198	-856.4815	-35.3937	-1359.0199	0.551623	0.042129	0.833029	0.109354	0.986450	-0.122301	-0.826894	0.158559	0.539542
78315319	-856.4815	-35.3923	-1359.0210	0.551708	0.044310	0.832859	0.108271	0.986333	-0.124197	-0.826980	0.158695	0.539370
78315451	-856.4811	-35.3941	-1359.0210	0.552064	0.040301	0.832827	0.111218	0.986346	-0.121454	-0.826351	0.159676	0.540044
78315571	-856.4812	-35.3931	-1359.0215	0.552030	0.041335	0.832799	0.110306	0.986372	-0.122075	-0.826496	0.159252	0.539947
78315697	-856.4813	-35.3938	-1359.0213	0.552602	0.040290	0.832471	0.110961	0.986383	-0.121396	-0.826026	0.159456	0.540606
78315822	-856.4811	-35.3931	-1359.0221	0.552390	0.040968	0.832579	0.110284	0.986420	-0.121707	-0.826259	0.159050	0.540370
78315948	-856.4817	-35.3933	-1359.0224	0.552691	0.044106	0.832218	0.108672	0.986258	-0.124441	-0.826270	0.159216	0.540303
78316072	-856.4819	-35.3956	-1359.0222	0.552656	0.045282	0.832178	0.109708	0.985881	-0.126504	-0.826157	0.161210	0.539885
78316196	-856.4819	-35.3978	-1359.0204	0.552218	0.041611	0.832661	0.112985	0.985804	-0.124196	-0.826009	0.162662	0.539677
78316319	-856.4820	-35.3977	-1359.0214	0.552248	0.042686	0.832587	0.112029	0.985831	-0.124850	-0.826119	0.162222	0.539640
78316451	-856.4822	-35.3986	-1359.0209	0.552324	0.042415	0.832550	0.112285	0.985819	-0.124715	-0.826033	0.162366	0.539728
78316571	-856.4825	-35.3971	-1359.0212	0.552559	0.040790	0.832475	0.111819	0.986144	-0.122540	-0.825939	0.160797	0.540342
78316699	-856.4830	-35.3979	-1359.0215	0.552315	0.041358	0.832609	0.110224	0.986377	-0.122114	-0.826317	0.159219	0.540232
78316817	-856.4833	-35.3988	-1359.0215	0.552303	0.041055	0.832632	0.110277	0.986411	-0.121786	-0.826317	0.159083	0.540271
78316943	-856.4839	-35.3992	-1359.0214	0.552386	0.041775	0.832541	0.109525	0.986448	-0.122167	-0.826362	0.158668	0.540325
78317070	-856.4836	-35.3990	-1359.0216	0.552409	0.042261	0.832501	0.109392	0.986401	-0.122660	-0.826364	0.158827	0.540274
78317197	-856.4832	-35.4008	-1359.0209	0.552489	0.042198	0.832451	0.109284	0.986429	-0.122534	-0.826325	0.158673	0.540380
78317319	-856.4838	-35.4005	-1359.0216	0.552396	0.040481	0.832598	0.110348	0.986478	-0.121175	-0.826246	0.158813	0.540460
78317449	-856.4836	-35.4039	-1359.0202	0.552294	0.041134	0.832634	0.110754	0.986308	-0.122190	-0.826259	0.159702	0.540176
78317569	-856.4844	-35.4034	-1359.0213	0.552122	0.041804	0.832715	0.110077	0.986345	-0.122501	-0.826465	0.159298	0.539981
78317692	-856.4845	-35.4043	-1359.0207	0.551920	0.041374	0.832870	0.111244	0.986188	-0.122709	-0.826443	0.160378	0.539695
78317817	-856.4852	-35.4056	-1359.0211	0.551959	0.040569	0.832884	0.112009	0.986157	-0.122264	-0.826314	0.160775	0.539774
78317953	-856.4856	-35.4069	-1359.0209	0.552331	0.042086	0.832562	0.110909	0.986136	-0.123428	-0.826214	0.160511	0.540006
78318070	-856.4843	-35.4054	-1359.0212	0.551650	0.039456	0.833142	0.114178	0.985905	-0.122292	-0.826224	0.162589	0.539369
78318196	-856.4848	-35.4065	-1359.0216	0.552026	0.038355	0.832944	0.115891	0.985717	-0.122196	-0.825734	0.163986	0.539696
78318318	-856.4853	-35.4060	-1359.0219	0.551807	0.038443	0.833085	0.114979	0.985891	-0.121652	-0.826008	0.162916	0.539602
78318451	-856.4855	-35.4054	-1359.0230	0.552132	0.038388	0.832873	0.114248	0.986033	-0.121185	-0.825892	0.162064	0.540035
78318576	-856.4856	-35.4060	-1359.0218	0.551918	0.038339	0.833017	0.114419	0.986013	-0.121190	-0.826011	0.162200	0.539811
78318693	-856.4823	-35.4003	-1359.0208	0.552001	0.041969	0.832787	0.112748	0.985804	-0.124414	-0.826186	0.162571	0.539433
78318820	-856.4825	-35.3996	-1359.0205	0.551794	0.041974	0.832924	0.112184	0.985920	-0.124004	-0.826401	0.161865	0.539315
78318947	-856.4828	-35.3979	-1359.0208	0.552020	0.041721	0.832787	0.112455	0.985898	-0.123934	-0.826213	0.162065	0.539543
78319068	-856.4832	-35.3975	-1359.0205	0.552169	0.041833	0.832682	0.111003	0.986160	-0.123152	-0.826309	0.160431	0.539884
78319194	-856.4826	-35.3965	-1359.0213	0.551677	0.041985	0.833000	0.111228	0.986108	-0.123366	-0.826608	0.160711	0.539343
78319318	-856.4833	-35.3984	-1359.0210	0.552239	0.041809	0.832637	0.112171	0.985934	-0.123902	-0.826105	0.161821	0.539782
78319448	-856.4833	-35.3970	-1359.0217	0.552184	0.041506	0.832688	0.112247	0.985966	-0.123581	-0.826132	0.161706	0.539776
78319574	-856.4827	-35.3982	-1359.0219	0.552543	0.041705	0.832440	0.111769	0.986019	-0.123587	-0.825956	0.161329	0.540157
78319696	-856.4826	-35.3956	-1359.0209	0.552401	0.042423	0.832498	0.110317	0.986199	-0.123456	-0.826247	0.160035	0.540097
78319819	-856.4830	-35.3946	-1359.0230	0.552713	0.041836	0.832321	0.110666	0.986209	-0.123061	-0.825991	0.160127	0.540460
78319948	-856.4826	-35.3954	-1359.0212	0.552423	0.043163	0.832446	0.110424	0.986068	-0.124407	-0.826218	0.160648	0.539960
78320070	-856.4825	-35.3949	-1359.0221	0.552397	0.043082	0.832467	0.111162	0.985937	-0.124787	-0.826136	0.161470	0.539839
78320196	-856.4826	-35.3949	-1359.0218	0.552303	0.042832	0.832542	0.110833	0.986041	-0.124255	-0.826243	0.160900	0.539846
78320318	-856.4830	-35.3945	-1359.0220	0.552649	0.042936	0.832307	0.110899	0.986002	-0.124501	-0.826002	0.161108	0.540152
78320450	-856.4831	-35.3961	-1359.0221	0.552769	0.042207	0.832265	0.110989	0.986090	-0.123724	-0.825910	0.160763	0.540396
78320574	-856.4829	-35.3953	-1359.0213	0.552960	0.043124	0.832091	0.110316	0.986079	-0.124415	-0.825872	0.160590	0.540505
78320696	-856.4832	-35.3977	-1359.0211	0.552350	0.043364	0.832483	0.110419	0.986041	-0.124626	-0.826267	0.160759	0.539852
78320819	-856.4829	-35.3980	-1359.0210	0.552764	0.043562	0.832198	0.109116	0.986251	-0.124103	-0.826163	0.159406	0.540411
78320948	-856.4823	-35.3986	-1359.0211	0.552386	0.041003	0.832580	0.112552	0.985975	-0.123232	-0.825955	0.161780	0.540023
78321070	-856.4827	-35.3979	-1359.0206	0.552488	0.041982	0.832463	0.111096	0.986111	-0.123463	-0.826084	0.160696	0.540150
78321195	-856.4823	-35.3997	-1359.0203	0.552439	0.042118	0.832489	0.112068	0.985902	-0.124248	-0.825986	0.161935	0.539931
78321316	-856.4824	-35.3978	-1359.0203	0.552381	0.040334	0.832616	0.111871	0.986206	-0.121993	-0.826051	0.160532	0.540249
78321445	-856.4830	-35.3968	-1359.0205	0.552693	0.043476	0.832250	0.109963	0.986103	-0.124538	-0.826099	0.160348	0.540231
78321578	-856.4827	-35.3972	-1359.0206	0.552317	0.041318	0.832610	0.111795	0.986078	-0.123094	-0.826104	0.161069	0.540008
78321696	-856.4834	-35.3967	-1359.0204	0.552631	0.042306	0.832352	0.109980	0.986275	-0.123150	-0.826138	0.159599	0.540393
78321820	-856.4833	-35.3953	-1359.0213	0.552497	0.043177	0.832396	0.109684	0.986207	-0.123957	-0.826266	0.159786	0.540141
78321948	-856.4833	-35.3951	-1359.0218	0.552321	0.042234	0.832561	0.110808	0.986134	-0.123535	-0.826234	0.160485	0.539983
78322070	-856.4836	-35.3965	-1359.0207	0.552120	0.042838	0.832663	0.111237	0.985967	-0.124484	-0.826311	0.161353	0.539607
78322193	-856.4833	-35.3968	-1359.0207	0.552391	0.042119	0.832520	0.111463	0.986022	-0.123843	-0.826099	0.161205	0.539975
78322315	-856.4829	-35.3982	-1359.0192	0.551833	0.040830	0.832955	0.112316	0.986062	-0.122744	-0.826357	0.161288	0.539555
78322452	-856.4832	-35.3984	-1359.0198	0.551936	0.042330	0.832811	0.112447	0.985811	-0.124629	-0.826270	0.162434	0.539345
78322580	-856.4834	-35.3990	-1359.0198	0.551684	0.042259	0.832982	0.111814	0.985953	-0.124074	-0.826524	0.161589	0.539209
78322696	-856.4835	-35.3981	-1359.0203	0.552476	0.042597	0.832439	0.110756	0.986086	-0.123967	-0.826137	0.160686	0.540071
78322819	-856.4833	-35.3992	-1359.0193	0.552094	0.041837	0.832732	0.111401	0.986084	-0.123400	-0.826306	0.160896	0.539750
78322948	-856.4837	-35.3989	-1359.0197	0.552207	0.041522	0.832673	0.111094	0.986187	-0.122852	-0.826272	0.160345	0.539966
78323068	-856.4836	-35.3991	-1359.0192	0.551857	0.043544	0.832801	0.109654	0.986176	-0.124226	-0.826698	0.159875	0.539453
78323194	-856.4838	-35.3988	-1359.0194	0.551927	0.041661	0.832851	0.111733	0.986051	-0.123370	-0.826373	0.161148	0.539573
78323319	-856.4837	-35.3995	-1359.0187	0.551781	0.041093	0.832976	0.112301	0.986028	-0.123034	-0.826393	0.161431	0.539457
78323450	-856.4831	-35.4004	-1359.0187	0.552270	0.040674	0.832672	0.111820	0.986169	-0.122336	-0.826132	0.160672	0.540084
78323580	-856.4834	-35.3996	-1359.0187	0.552102	0.039706	0.832831	0.112532	0.986177	-0.121617	-0.826148	0.160865	0.540002
78323695	-856.4831	-35.3967	-1359.0195	0.552171	0.041041	0.832720	0.112101	0.986063	-0.122933	-0.826160	0.161229	0.539875
78323819	-856.4822	-35.3978	-1359.0200	0.552117	0.041647	0.832726	0.111843	0.986026	-0.123468	-0.826231	0.161304	0.539743
78323947	-856.4824	-35.3960	-1359.0197	0.552309	0.042052	0.832578	0.111137	0.986098	-0.123532	-0.826198	0.160758	0.539957
78324069	-856.4830	-35.3949	-1359.0214	0.552944	0.042346	0.832142	0.110415	0.986176	-0.123553	-0.825870	0.160199	0.540624
78324196	-856.4830	-35.3957	-1359.0207	0.552220	0.042253	0.832627	0.111602	0.985980	-0.124052	-0.826195	0.161427	0.539763
78324318	-856.4827	-35.3956	-1359.0205	0.552875	0.041778	0.832216	0.111369	0.986077	-0.123489	-0.825788	0.160957	0.540524
78324452	-856.4827	-35.3963	-1359.0204	0.552641	0.043181	0.832300	0.111470	0.985854	-0.125163	-0.825931	0.161947	0.540010
78324577	-856.4822	-35.3967	-1359.0207	0.552650	0.042231	0.832343	0.111586	0.985974	-0.124115	-0.825910	0.161469	0.540186
78324695	-856.4830	-35.3984	-1359.0195	0.552623	0.041250	0.832410	0.111796	0.986079	-0.123085	-0.825899	0.161080	0.540318
78324819	-856.4832	-35.3964	-1359.0202	0.552324	0.040033	0.832667	0.111505	0.986323	-0.121383	-0.826138	0.159889	0.540306
78324947	-856.4835	-35.3976	-1359.0211	0.552891	0.042026	0.832193	0.111677	0.985979	-0.123988	-0.825736	0.161489	0.540445
78325066	-856.4830	-35.3976	-1359.0207	0.552675	0.042555	0.832310	0.111271	0.985986	-0.124299	-0.825935	0.161309	0.540195
78325196	-856.4829	-35.3980	-1359.0201	0.552308	0.042561	0.832553	0.111648	0.985922	-0.124467	-0.826130	0.161697	0.539781
78325318	-856.4832	-35.3961	-1359.0220	0.552999	0.043249	0.832058	0.110234	0.986075	-0.124517	-0.825857	0.160579	0.540531
78325450	-856.4823	-35.3968	-1359.0201	0.552302	0.041413	0.832615	0.111468	0.986128	-0.122989	-0.826158	0.160737	0.540025
78325571	-856.4830	-35.3952	-1359.0221	0.553162	0.041704	0.832029	0.110938	0.986163	-0.123185	-0.825654	0.160445	0.540882
78325696	-856.4823	-35.3955	-1359.0211	0.553139	0.042589	0.832000	0.110489	0.986120	-0.123934	-0.825730	0.160480	0.540756
78325819	-856.4823	-35.3948	-1359.0221	0.552692	0.040975	0.832377	0.111800	0.986117	-0.122777	-0.825852	0.160918	0.540438
78325948	-856.4820	-35.3973	-1359.0212	0.552687	0.042135	0.832323	0.112718	0.985765	-0.124751	-0.825731	0.162766	0.540070
78326070	-856.4823	-35.3957	-1359.0216	0.552907	0.042916	0.832137	0.110538	0.986068	-0.124301	-0.825878	0.160710	0.540460
78326196	-856.4827	-35.3944	-1359.0217	0.552788	0.043578	0.832182	0.110023	0.986073	-0.124721	-0.826027	0.160503	0.540295
78326318	-856.4829	-35.3953	-1359.0214	0.552628	0.044064	0.832263	0.110360	0.985939	-0.125480	-0.826089	0.161193	0.539994
78326450	-856.4827	-35.3953	-1359.0214	0.552304	0.044121	0.832474	0.111328	0.985750	-0.126105	-0.826176	0.162326	0.539522
78326571	-856.4820	-35.3977	-1359.0207	0.552258	0.041781	0.832626	0.113505	0.985675	-0.124746	-0.825910	0.163399	0.539604
78326697	-856.4827	-35.3976	-1359.0209	0.552827	0.041603	0.832257	0.113268	0.985732	-0.124513	-0.825562	0.163102	0.540227
78326815	-856.4822	-35.3981	-1359.0215	0.552092	0.042060	0.832721	0.112888	0.985760	-0.124634	-0.826106	0.162813	0.539483
78326948	-856.4828	-35.3971	-1359.0214	0.552468	0.041953	0.832477	0.112750	0.985792	-0.124506	-0.825873	0.162648	0.539889
78327070	-856.4831	-35.3975	-1359.0212	0.552276	0.042008	0.832602	0.113054	0.985729	-0.124724	-0.825960	0.163011	0.539645
78327194	-856.4832	-35.3963	-1359.0215	0.552961	0.040797	0.832208	0.112735	0.985953	-0.123240	-0.825546	0.161966	0.540594
78327317	-856.4832	-35.3964	-1359.0211	0.552607	0.043250	0.832319	0.112258	0.985690	-0.125752	-0.825848	0.162926	0.539843
78327448	-856.4824	-35.3958	-1359.0210	0.552317	0.042694	0.832540	0.111789	0.985874	-0.124719	-0.826105	0.161953	0.539742
78327567	-856.4828	-35.3960	-1359.0212	0.552779	0.043308	0.832201	0.111575	0.985811	-0.125414	-0.825824	0.162179	0.540104
78327692	-856.4827	-35.3944	-1359.0221	0.553240	0.042764	0.831924	0.109694	0.986245	-0.123644	-0.825768	0.159662	0.540939
78327818	-856.4825	-35.3968	-1359.0204	0.552569	0.041005	0.832458	0.112573	0.985965	-0.123290	-0.825830	0.161838	0.540198
78327957	-856.4821	-35.3973	-1359.0212	0.552911	0.042021	0.832180	0.111282	0.986057	-0.123728	-0.825776	0.161018	0.540526
78328068	-856.4824	-35.3973	-1359.0207	0.552660	0.041912	0.832352	0.112257	0.985890	-0.124178	-0.825812	0.162065	0.540157
78328192	-856.4826	-35.3963	-1359.0230	0.552886	0.043048	0.832144	0.111300	0.985900	-0.124951	-0.825790	0.161702	0.540300
