META	HEADER	GNSS location/orientation script
META	VERSION	1.0.1
META	FORMAT	ASCII
META	CONTENT	DEFAULT
META	TIMESTAMPS	UPTIME
META	END
Uptime	Origin_X	Origin_Y	Origin_Z	Basis_XX	Basis_XY	Basis_XZ	Basis_YX	Basis_YY	Basis_YZ	Basis_ZX	Basis_ZY	Basis_ZZ
78287696	-856.4877	-35.4306	-1359.0158	0.579593	0.001204	0.814905	-0.033375	0.999195	0.022261	-0.814222	-0.040100	0.579166
78287822	-856.4871	-35.4320	-1359.0144	0.579048	0.001804	0.815292	-0.032949	0.999232	0.021190	-0.814628	-0.039133	0.578663
78287953	-856.4875	-35.4312	-1359.0142	0.579660	0.001637	0.814857	-0.033949	0.999178	0.022142	-0.814151	-0.040498	0.579240
78288071	-856.4885	-35.4321	-1359.0142	0.580329	0.001662	0.814380	-0.032894	0.999230	0.021400	-0.813718	-0.039207	0.579937
78288197	-856.4878	-35.4322	-1359.0135	0.579944	0.001833	0.814654	-0.033888	0.999186	0.021876	-0.813951	-0.040294	0.579534
78288319	-856.4883	-35.4332	-1359.0128	0.579717	0.001634	0.814816	-0.032761	0.999236	0.021304	-0.814159	-0.039044	0.579328
78288452	-856.4882	-35.4339	-1359.0137	0.579789	0.000605	0.814766	-0.032973	0.999198	0.022722	-0.814099	-0.040039	0.579344
78288582	-856.4879	-35.4330	-1359.0130	0.579597	0.000456	0.814903	-0.032865	0.999199	0.022816	-0.814240	-0.040006	0.579148
78288697	-856.4878	-35.4289	-1359.0119	0.579264	0.001774	0.815138	-0.033683	0.999196	0.021761	-0.814444	-0.040062	0.578858
78288820	-856.4878	-35.4288	-1359.0120	0.579630	0.000981	0.814879	-0.033773	0.999169	0.022820	-0.814179	-0.040748	0.579182
78288949	-856.4878	-35.4290	-1359.0117	0.579525	0.001459	0.814953	-0.033700	0.999186	0.022175	-0.814257	-0.040315	0.579102
78289068	-856.4877	-35.4287	-1359.0114	0.579811	0.000148	0.814751	-0.034190	0.999124	0.024149	-0.814033	-0.041858	0.579308
78289196	-856.4875	-35.4309	-1359.0110	0.579282	-0.000611	0.815127	-0.032163	0.999204	0.023606	-0.814493	-0.039892	0.578801
78289319	-856.4877	-35.4292	-1359.0117	0.579816	-0.000373	0.814747	-0.033333	0.999152	0.024179	-0.814065	-0.041177	0.579312
78289451	-856.4877	-35.4305	-1359.0123	0.579245	-0.000303	0.815153	-0.032890	0.999177	0.023744	-0.814490	-0.040564	0.578758
78289581	-856.4876	-35.4305	-1359.0112	0.579428	0.001180	0.815023	-0.034332	0.999147	0.022961	-0.814300	-0.041286	0.578974
78289696	-856.4876	-35.4295	-1359.0129	0.579811	0.001865	0.814749	-0.034725	0.999145	0.022426	-0.814011	-0.041295	0.579380
78289817	-856.4878	-35.4291	-1359.0130	0.580260	0.001838	0.814430	-0.035529	0.999103	0.023059	-0.813656	-0.042316	0.579804
78289944	-856.4878	-35.4286	-1359.0122	0.580027	0.001134	0.814597	-0.035404	0.999089	0.023819	-0.813828	-0.042655	0.579539
78290071	-856.4876	-35.4289	-1359.0118	0.579819	0.000468	0.814745	-0.033824	0.999152	0.023497	-0.814043	-0.041182	0.579343
78290197	-856.4879	-35.4284	-1359.0130	0.579697	0.000668	0.814832	-0.033981	0.999150	0.023356	-0.814123	-0.041228	0.579227
78290319	-856.4878	-35.4269	-1359.0136	0.580098	0.001316	0.814545	-0.035720	0.999078	0.023825	-0.813763	-0.042917	0.579610
78290451	-856.4874	-35.4273	-1359.0135	0.579983	0.002242	0.814626	-0.035439	0.999119	0.022481	-0.813857	-0.041908	0.579551
78290579	-856.4880	-35.4265	-1359.0144	0.580280	0.002278	0.814414	-0.035854	0.999098	0.022752	-0.813627	-0.042402	0.579839
78290694	-856.4876	-35.4271	-1359.0148	0.580126	0.001967	0.814524	-0.034359	0.999166	0.022059	-0.813802	-0.040783	0.579710
78290818	-856.4881	-35.4253	-1359.0156	0.580681	0.003679	0.814123	-0.036740	0.999089	0.021690	-0.813302	-0.042506	0.580287
78290948	-856.4878	-35.4265	-1359.0151	0.580198	0.003004	0.814470	-0.035803	0.999121	0.021821	-0.813688	-0.041821	0.579795
78291071	-856.4881	-35.4265	-1359.0151	0.580484	0.003064	0.814266	-0.035113	0.999157	0.021272	-0.813514	-0.040939	0.580102
78291196	-856.4877	-35.4254	-1359.0152	0.580694	0.002656	0.814118	-0.036982	0.999048	0.023119	-0.813281	-0.043533	0.580240
78291318	-856.4880	-35.4243	-1359.0162	0.579869	0.002462	0.814706	-0.035001	0.999147	0.021893	-0.813958	-0.041211	0.579460
78291448	-856.4872	-35.4250	-1359.0157	0.581019	0.002328	0.813886	-0.036372	0.999071	0.023108	-0.813077	-0.043029	0.580564
78291574	-856.4872	-35.4256	-1359.0153	0.579638	0.001893	0.814872	-0.035129	0.999126	0.022667	-0.814116	-0.041765	0.579198
78291693	-856.4880	-35.4240	-1359.0159	0.580399	0.002177	0.814329	-0.036380	0.999067	0.023258	-0.813519	-0.043124	0.579937
78291822	-856.4873	-35.4243	-1359.0149	0.579739	0.002984	0.814797	-0.036709	0.999074	0.022461	-0.813975	-0.042932	0.579312
78291948	-856.4888	-35.4245	-1359.0152	0.579969	0.001285	0.814637	-0.034826	0.999124	0.023218	-0.813894	-0.041836	0.579506
78292069	-856.4874	-35.4245	-1359.0146	0.579828	0.001137	0.814738	-0.034819	0.999120	0.023385	-0.813995	-0.041928	0.579357
78292196	-856.4873	-35.4245	-1359.0153	0.579730	0.002361	0.814805	-0.035597	0.999114	0.022432	-0.814031	-0.042009	0.579300
78292319	-856.4879	-35.4250	-1359.0145	0.580167	0.002070	0.814495	-0.035904	0.999090	0.023036	-0.813706	-0.042608	0.579713
78292449	-856.4863	-35.4257	-1359.0142	0.579598	0.001982	0.814900	-0.035495	0.999109	0.022815	-0.814129	-0.042148	0.579152
78292581	-856.4867	-35.4261	-1359.0135	0.579582	0.001214	0.814913	-0.034786	0.999124	0.023251	-0.814171	-0.041823	0.579117
78292695	-856.4884	-35.4271	-1359.0133	0.579454	0.002995	0.814999	-0.034986	0.999163	0.021202	-0.814253	-0.040799	0.579074
78292820	-856.4883	-35.4257	-1359.0141	0.579569	0.002429	0.814919	-0.035122	0.999141	0.022001	-0.814166	-0.041373	0.579157
78292947	-856.4875	-35.4286	-1359.0128	0.579191	0.001822	0.815190	-0.033563	0.999203	0.021613	-0.814501	-0.039878	0.578791
78293070	-856.4875	-35.4276	-1359.0140	0.579398	0.001282	0.815044	-0.033907	0.999171	0.022533	-0.814339	-0.040692	0.578961
78293197	-856.4871	-35.4282	-1359.0126	0.578521	0.002191	0.815665	-0.033494	0.999217	0.021072	-0.814980	-0.039510	0.578141
78293318	-856.4879	-35.4288	-1359.0133	0.579179	0.003155	0.815194	-0.033827	0.999224	0.020166	-0.814498	-0.039255	0.578837
78293450	-856.4875	-35.4293	-1359.0131	0.578843	0.002911	0.815434	-0.033379	0.999240	0.020127	-0.814755	-0.038868	0.578500
78293578	-856.4880	-35.4292	-1359.0130	0.579213	0.002116	0.815174	-0.033893	0.999194	0.021489	-0.814471	-0.040075	0.578818
78293695	-856.4883	-35.4262	-1359.0149	0.578978	0.000515	0.815343	-0.032324	0.999228	0.022322	-0.814702	-0.039279	0.578547
78293819	-856.4892	-35.4243	-1359.0163	0.579715	0.002170	0.814816	-0.034010	0.999189	0.021535	-0.814109	-0.040196	0.579319
78293947	-856.4888	-35.4251	-1359.0155	0.579505	0.002729	0.814964	-0.034745	0.999168	0.021361	-0.814228	-0.040695	0.579117
78294071	-856.4886	-35.4264	-1359.0150	0.579543	0.003203	0.814936	-0.034869	0.999174	0.020870	-0.814196	-0.040511	0.579176
78294195	-856.4888	-35.4272	-1359.0148	0.579448	0.001538	0.815008	-0.033493	0.999198	0.021927	-0.814321	-0.040003	0.579035
78294316	-856.4892	-35.4252	-1359.0163	0.579584	0.002940	0.814907	-0.034868	0.999167	0.021194	-0.814166	-0.040698	0.579204
78294444	-856.4890	-35.4263	-1359.0148	0.579441	0.001936	0.815012	-0.034174	0.999175	0.021923	-0.814297	-0.040555	0.579030
78294575	-856.4889	-35.4274	-1359.0147	0.579630	0.001911	0.814878	-0.033849	0.999191	0.021734	-0.814177	-0.040180	0.579225
78294696	-856.4893	-35.4270	-1359.0141	0.579468	0.000711	0.814995	-0.033031	0.999198	0.022613	-0.814325	-0.040024	0.579027
78294819	-856.4888	-35.4277	-1359.0139	0.579513	0.003512	0.814955	-0.034157	0.999217	0.019983	-0.814247	-0.039417	0.579179
78294947	-856.4889	-35.4279	-1359.0140	0.579474	0.001440	0.814989	-0.031972	0.999269	0.020967	-0.814363	-0.038206	0.579097
78295070	-856.4891	-35.4276	-1359.0137	0.579229	0.002063	0.815162	-0.032864	0.999243	0.020824	-0.814502	-0.038852	0.578858
78295193	-856.4887	-35.4281	-1359.0138	0.579286	0.002167	0.815121	-0.032772	0.999250	0.020633	-0.814465	-0.038665	0.578923
78295314	-856.4887	-35.4302	-1359.0123	0.579020	0.000675	0.815313	-0.030779	0.999305	0.021031	-0.814732	-0.037272	0.578638
78295449	-856.4884	-35.4306	-1359.0129	0.579281	0.001283	0.815127	-0.032115	0.999258	0.021250	-0.814495	-0.038488	0.578892
78295571	-856.4883	-35.4310	-1359.0123	0.578887	0.000410	0.815408	-0.030831	0.999296	0.021386	-0.814825	-0.037520	0.578492
78295695	-856.4885	-35.4295	-1359.0121	0.578717	0.001572	0.815527	-0.030743	0.999329	0.019889	-0.814949	-0.036581	0.578377
78295821	-856.4884	-35.4301	-1359.0118	0.579106	0.001531	0.815251	-0.032435	0.999250	0.021163	-0.814607	-0.038698	0.578721
78295950	-856.4886	-35.4311	-1359.0115	0.579252	0.000524	0.815148	-0.030723	0.999303	0.021189	-0.814569	-0.037318	0.578865
78296069	-856.4882	-35.4311	-1359.0133	0.578813	-0.000059	0.815460	-0.030796	0.999285	0.021932	-0.814878	-0.037808	0.578398
78296193	-856.4873	-35.4330	-1359.0114	0.578407	0.001758	0.815747	-0.031118	0.999317	0.019911	-0.815155	-0.036901	0.578067
78296319	-856.4875	-35.4322	-1359.0128	0.578895	0.002683	0.815397	-0.032600	0.999271	0.019856	-0.814750	-0.038076	0.578561
78296450	-856.4874	-35.4323	-1359.0131	0.578355	0.002293	0.815782	-0.031544	0.999311	0.019555	-0.815175	-0.037043	0.578029
78296574	-856.4872	-35.4330	-1359.0115	0.578299	0.002553	0.815821	-0.031557	0.999317	0.019242	-0.815214	-0.036873	0.577985
78296697	-856.4880	-35.4297	-1359.0150	0.578546	0.006182	0.815626	-0.033348	0.999314	0.016080	-0.814968	-0.036503	0.578356
78296820	-856.4873	-35.4303	-1359.0145	0.578512	0.005531	0.815655	-0.033779	0.999282	0.017182	-0.814974	-0.037492	0.578284
78296947	-856.4875	-35.4290	-1359.0151	0.578359	0.004108	0.815772	-0.032673	0.999302	0.018131	-0.815128	-0.037140	0.578089
78297069	-856.4879	-35.4285	-1359.0148	0.578288	0.002115	0.815830	-0.031866	0.999292	0.019996	-0.815210	-0.037561	0.577946
78297196	-856.4871	-35.4296	-1359.0148	0.578447	0.003935	0.815711	-0.032714	0.999296	0.018378	-0.815064	-0.037316	0.578168
78297318	-856.4878	-35.4289	-1359.0153	0.578790	0.003208	0.815470	-0.032730	0.999278	0.019300	-0.814819	-0.037861	0.578478
78297448	-856.4866	-35.4291	-1359.0147	0.578347	0.003662	0.815783	-0.033249	0.999265	0.019087	-0.815113	-0.038163	0.578044
78297571	-856.4873	-35.4285	-1359.0153	0.578217	0.003292	0.815876	-0.033009	0.999267	0.019362	-0.815215	-0.038127	0.577902
78297696	-856.4872	-35.4269	-1359.0156	0.578930	0.003752	0.815369	-0.034747	0.999195	0.020074	-0.814637	-0.039953	0.578594
78297822	-856.4869	-35.4264	-1359.0153	0.578761	0.002973	0.815492	-0.034210	0.999202	0.020636	-0.814780	-0.039841	0.578400
78297951	-856.4874	-35.4283	-1359.0154	0.578893	0.002810	0.815399	-0.033935	0.999211	0.020648	-0.814697	-0.039624	0.578532
78298068	-856.4873	-35.4260	-1359.0162	0.578669	0.003535	0.815555	-0.034436	0.999205	0.020103	-0.814835	-0.039717	0.578330
78298197	-856.4870	-35.4263	-1359.0163	0.579289	0.002982	0.815117	-0.034477	0.999188	0.020847	-0.814393	-0.040179	0.578921
78298319	-856.4874	-35.4257	-1359.0179	0.578716	0.002554	0.815525	-0.033489	0.999226	0.020635	-0.814841	-0.039253	0.578354
78298452	-856.4868	-35.4270	-1359.0166	0.578748	0.001721	0.815505	-0.032772	0.999239	0.021149	-0.814848	-0.038966	0.578364
78298575	-856.4867	-35.4257	-1359.0164	0.579136	0.001936	0.815229	-0.033232	0.999222	0.021235	-0.814554	-0.039390	0.578750
78298697	-856.4880	-35.4248	-1359.0159	0.578953	0.003159	0.815355	-0.034301	0.999202	0.020485	-0.814639	-0.039827	0.578599
78298819	-856.4870	-35.4258	-1359.0153	0.578732	0.000823	0.815517	-0.032745	0.999217	0.022229	-0.814860	-0.039568	0.578306
78298945	-856.4877	-35.4259	-1359.0154	0.579396	0.002425	0.815043	-0.034553	0.999170	0.021590	-0.814314	-0.040672	0.578999
78299071	-856.4879	-35.4262	-1359.0152	0.579177	0.002358	0.815198	-0.033601	0.999215	0.020982	-0.814509	-0.039544	0.578802
78299198	-856.4881	-35.4262	-1359.0164	0.579687	0.001641	0.814837	-0.032236	0.999261	0.020920	-0.814201	-0.038394	0.579312
78299320	-856.4879	-35.4254	-1359.0157	0.579228	0.002554	0.815161	-0.034057	0.999198	0.021069	-0.814454	-0.039965	0.578851
78299451	-856.4874	-35.4257	-1359.0154	0.579470	0.001273	0.814993	-0.031571	0.999283	0.020887	-0.814382	-0.037833	0.579094
78299577	-856.4866	-35.4254	-1359.0139	0.579470	0.000293	0.814993	-0.031913	0.999241	0.022331	-0.814368	-0.038949	0.579040
78299694	-856.4865	-35.4266	-1359.0127	0.579215	-0.002236	0.815172	-0.030452	0.999239	0.024378	-0.814606	-0.038943	0.578706
78299817	-856.4873	-35.4260	-1359.0135	0.579031	-0.000138	0.815306	-0.030911	0.999277	0.022122	-0.814720	-0.038012	0.578608
78299949	-856.4873	-35.4293	-1359.0137	0.579214	-0.001238	0.815174	-0.029944	0.999292	0.022794	-0.814625	-0.037612	0.578767
78300072	-856.4879	-35.4260	-1359.0148	0.580118	0.000228	0.814533	-0.033088	0.999181	0.023287	-0.813860	-0.040461	0.579650
78300197	-856.4878	-35.4275	-1359.0127	0.579391	-0.000019	0.815049	-0.032109	0.999223	0.022848	-0.814417	-0.039409	0.578941
78300318	-856.4884	-35.4283	-1359.0141	0.580011	0.000314	0.814609	-0.032240	0.999225	0.022570	-0.813971	-0.039354	0.579571
78300452	-856.4878	-35.4296	-1359.0121	0.578968	-0.000626	0.815350	-0.030837	0.999267	0.022664	-0.814767	-0.038265	0.578525
78300576	-856.4884	-35.4294	-1359.0124	0.579450	-0.000289	0.815008	-0.031148	0.999261	0.022500	-0.814412	-0.038424	0.579013
78300695	-856.4881	-35.4279	-1359.0119	0.579112	0.003061	0.815243	-0.031341	0.999337	0.018511	-0.814646	-0.036271	0.578824
78300823	-856.4885	-35.4271	-1359.0127	0.579627	0.003586	0.814874	-0.031543	0.999340	0.018040	-0.814271	-0.036160	0.579357
78300948	-856.4879	-35.4230	-1359.0126	0.579445	0.000369	0.815011	-0.030844	0.999293	0.021476	-0.814427	-0.037582	0.579047
78301070	-856.4892	-35.4218	-1359.0129	0.579824	-0.002592	0.814738	-0.030326	0.999233	0.024761	-0.814177	-0.039065	0.579301
78301197	-856.4883	-35.4237	-1359.0126	0.579296	-0.000676	0.815117	-0.030366	0.999288	0.022410	-0.814552	-0.037734	0.578863
78301320	-856.4887	-35.4225	-1359.0137	0.579915	-0.000112	0.814677	-0.032351	0.999208	0.023166	-0.814034	-0.039790	0.579452
78301450	-856.4887	-35.4248	-1359.0128	0.579908	0.000194	0.814682	-0.031990	0.999234	0.022533	-0.814054	-0.039129	0.579470
78301575	-856.4886	-35.4263	-1359.0123	0.579156	-0.001720	0.815215	-0.029970	0.999277	0.023400	-0.814666	-0.037985	0.578686
78301696	-856.4879	-35.4227	-1359.0136	0.580017	0.003182	0.814598	-0.033743	0.999228	0.020123	-0.813905	-0.039159	0.579676
78301822	-856.4883	-35.4232	-1359.0137	0.579380	0.003962	0.815048	-0.032143	0.999321	0.017991	-0.814424	-0.036622	0.579114
78301949	-856.4882	-35.4209	-1359.0149	0.579938	0.002496	0.814657	-0.033459	0.999225	0.020758	-0.813973	-0.039296	0.579572
78302071	-856.4885	-35.4206	-1359.0143	0.579413	0.002264	0.815031	-0.033163	0.999233	0.020800	-0.814359	-0.039081	0.579044
78302197	-856.4882	-35.4201	-1359.0152	0.579627	0.000918	0.814881	-0.032409	0.999234	0.021927	-0.814237	-0.039119	0.579213
78302319	-856.4891	-35.4208	-1359.0162	0.579435	0.000188	0.815019	-0.031599	0.999253	0.022235	-0.814406	-0.038638	0.579008
78302450	-856.4889	-35.4227	-1359.0163	0.579414	0.002217	0.815030	-0.033086	0.999236	0.020804	-0.814362	-0.039020	0.579045
78302575	-856.4901	-35.4198	-1359.0180	0.580034	0.002640	0.814588	-0.034192	0.999192	0.021109	-0.813874	-0.040096	0.579656
78302697	-856.4887	-35.4206	-1359.0174	0.580140	0.003803	0.814508	-0.034616	0.999201	0.019991	-0.813781	-0.039793	0.579808
78302823	-856.4888	-35.4181	-1359.0174	0.580100	0.004790	0.814531	-0.035738	0.999169	0.019577	-0.813761	-0.040466	0.579790
78302949	-856.4890	-35.4189	-1359.0179	0.579779	0.005100	0.814758	-0.036170	0.999156	0.019484	-0.813971	-0.040766	0.579474
78303070	-856.4880	-35.4183	-1359.0164	0.579748	0.003109	0.814790	-0.034309	0.999199	0.020600	-0.814073	-0.039898	0.579390
78303197	-856.4872	-35.4180	-1359.0141	0.579960	0.002429	0.814641	-0.033773	0.999208	0.021064	-0.813944	-0.039729	0.579583
78303316	-856.4893	-35.4161	-1359.0159	0.580237	0.003678	0.814439	-0.036368	0.999109	0.021399	-0.813635	-0.042036	0.579854
78303445	-856.4892	-35.4166	-1359.0192	0.579773	0.004838	0.814763	-0.036114	0.999152	0.019765	-0.813977	-0.040884	0.579457
78303580	-856.4880	-35.4186	-1359.0195	0.580120	0.004693	0.814518	-0.036247	0.999142	0.020059	-0.813724	-0.041160	0.579792
78303696	-856.4888	-35.4209	-1359.0178	0.580408	0.004106	0.814315	-0.036970	0.999089	0.021313	-0.813486	-0.042475	0.580031
78303823	-856.4891	-35.4199	-1359.0201	0.580991	0.005661	0.813891	-0.038281	0.999059	0.020377	-0.813010	-0.042995	0.580661
78303948	-856.4876	-35.4205	-1359.0183	0.580139	0.005377	0.814500	-0.037957	0.999070	0.020440	-0.813633	-0.042774	0.579803
78304070	-856.4883	-35.4198	-1359.0190	0.580040	0.004631	0.814575	-0.037498	0.999076	0.021021	-0.813724	-0.042738	0.579677
78304194	-856.4877	-35.4220	-1359.0208	0.580256	0.005824	0.814413	-0.037862	0.999086	0.019831	-0.813553	-0.042342	0.579947
78304315	-856.4877	-35.4214	-1359.0197	0.579842	0.006317	0.814704	-0.038075	0.999087	0.019352	-0.813839	-0.042241	0.579554
78304452	-856.4877	-35.4207	-1359.0182	0.579832	0.007026	0.814706	-0.038632	0.999075	0.018878	-0.813819	-0.042420	0.579567
78304575	-856.4876	-35.4218	-1359.0187	0.579287	0.004958	0.815109	-0.036128	0.999155	0.019598	-0.814323	-0.040802	0.578977
78304695	-856.4874	-35.4219	-1359.0186	0.579866	0.006634	0.814685	-0.037086	0.999145	0.018260	-0.813867	-0.040802	0.579617
78304819	-856.4872	-35.4227	-1359.0189	0.580495	0.007391	0.814230	-0.037748	0.999128	0.017843	-0.813388	-0.041094	0.580268
78304947	-856.4870	-35.4224	-1359.0193	0.580014	0.005534	0.814588	-0.036174	0.999165	0.018969	-0.813803	-0.040469	0.579730
78305069	-856.4871	-35.4255	-1359.0184	0.580438	0.005038	0.814289	-0.035604	0.999182	0.019197	-0.813526	-0.040134	0.580142
78305193	-856.4876	-35.4245	-1359.0195	0.580487	0.005869	0.814248	-0.036538	0.999155	0.018846	-0.813449	-0.040691	0.580211
78305319	-856.4879	-35.4235	-1359.0206	0.580563	0.007711	0.814179	-0.037482	0.999148	0.017264	-0.813352	-0.040539	0.580357
78305449	-856.4877	-35.4263	-1359.0196	0.580820	0.006436	0.814007	-0.037045	0.999142	0.018532	-0.813189	-0.040919	0.580560
78305570	-856.4874	-35.4269	-1359.0200	0.580082	0.005786	0.814538	-0.035169	0.999220	0.017948	-0.813799	-0.039058	0.579833
78305696	-856.4876	-35.4278	-1359.0191	0.580612	0.007298	0.814147	-0.037381	0.999144	0.017702	-0.813322	-0.040711	0.580388
78305822	-856.4881	-35.4257	-1359.0202	0.580910	0.007149	0.813936	-0.038421	0.999088	0.018646	-0.813060	-0.042104	0.580655
78305948	-856.4874	-35.4277	-1359.0203	0.580518	0.006685	0.814220	-0.036535	0.999173	0.017844	-0.813427	-0.040107	0.580282
78306071	-856.4880	-35.4244	-1359.0181	0.580380	0.007546	0.814311	-0.038634	0.999086	0.018277	-0.813429	-0.042067	0.580141
78306196	-856.4876	-35.4236	-1359.0183	0.579791	0.008088	0.814725	-0.039316	0.999064	0.018061	-0.813816	-0.042503	0.579566
78306318	-856.4881	-35.4239	-1359.0181	0.579998	0.006275	0.814594	-0.038149	0.999082	0.019467	-0.813724	-0.042366	0.579705
78306451	-856.4881	-35.4235	-1359.0180	0.580474	0.005785	0.814258	-0.038676	0.999042	0.020474	-0.813360	-0.043377	0.580141
78306571	-856.4884	-35.4229	-1359.0185	0.580659	0.006661	0.814119	-0.039195	0.999036	0.019782	-0.813203	-0.043396	0.580360
78306701	-856.4888	-35.4219	-1359.0169	0.580261	0.008617	0.814385	-0.037973	0.999143	0.016485	-0.813545	-0.040490	0.580091
78306820	-856.4890	-35.4217	-1359.0169	0.580225	0.010162	0.814393	-0.037383	0.999201	0.014165	-0.813598	-0.038663	0.580141
78306948	-856.4887	-35.4219	-1359.0174	0.580861	0.008999	0.813953	-0.038041	0.999146	0.016101	-0.813113	-0.040316	0.580708
78307068	-856.4889	-35.4217	-1359.0180	0.580549	0.010348	0.814160	-0.038794	0.999135	0.014963	-0.813301	-0.040271	0.580448
78307196	-856.4888	-35.4219	-1359.0177	0.580281	0.009054	0.814366	-0.037580	0.999171	0.015669	-0.813549	-0.039696	0.580140
78307319	-856.4893	-35.4217	-1359.0185	0.580790	0.010018	0.813992	-0.038553	0.999141	0.015211	-0.813140	-0.040216	0.580677
78307451	-856.4886	-35.4226	-1359.0174	0.580114	0.008435	0.814492	-0.037484	0.999163	0.016351	-0.813672	-0.040016	0.579945
78307571	-856.4893	-35.4215	-1359.0191	0.580677	0.007640	0.814098	-0.037342	0.999154	0.017259	-0.813277	-0.040422	0.580471
78307696	-856.4892	-35.4194	-1359.0191	0.580354	0.007862	0.814326	-0.037511	0.999150	0.017087	-0.813500	-0.040463	0.580156
78307820	-856.4885	-35.4209	-1359.0195	0.580356	0.007872	0.814325	-0.036409	0.999204	0.016289	-0.813549	-0.039102	0.580180
78307948	-856.4880	-35.4217	-1359.0171	0.580064	0.006546	0.814544	-0.036500	0.999172	0.017962	-0.813752	-0.040150	0.579823
78308071	-856.4878	-35.4224	-1359.0163	0.579649	0.005615	0.814847	-0.035395	0.999206	0.018294	-0.814097	-0.039446	0.579387
78308198	-856.4878	-35.4212	-1359.0174	0.579344	0.006777	0.815055	-0.035328	0.999235	0.016802	-0.814317	-0.038529	0.579140
78308320	-856.4866	-35.4222	-1359.0153	0.579405	0.006753	0.815012	-0.036201	0.999192	0.017457	-0.814235	-0.039619	0.579182
78308451	-856.4877	-35.4201	-1359.0172	0.579753	0.007706	0.814756	-0.036773	0.999184	0.016717	-0.813962	-0.039653	0.579563
78308570	-856.4872	-35.4226	-1359.0158	0.579471	0.006057	0.814971	-0.034926	0.999238	0.017407	-0.814244	-0.038550	0.579241
78308699	-856.4875	-35.4219	-1359.0161	0.579327	0.007169	0.815064	-0.036058	0.999208	0.016840	-0.814297	-0.039146	0.579127
78308816	-856.4877	-35.4229	-1359.0161	0.579402	0.004632	0.815029	-0.034188	0.999242	0.018625	-0.814324	-0.038655	0.579121
78308950	-856.4867	-35.4221	-1359.0155	0.579571	0.005523	0.814903	-0.036475	0.999151	0.019170	-0.814105	-0.040834	0.579280
78309071	-856.4874	-35.4228	-1359.0156	0.579038	0.005084	0.815285	-0.034725	0.999227	0.018432	-0.814561	-0.038983	0.578767
78309197	-856.4874	-35.4224	-1359.0165	0.578954	0.006954	0.815331	-0.035516	0.999230	0.016697	-0.814587	-0.038624	0.578755
78309319	-856.4869	-35.4212	-1359.0160	0.579113	0.007035	0.815217	-0.036304	0.999193	0.017166	-0.814439	-0.039537	0.578901
78309450	-856.4871	-35.4235	-1359.0158	0.578888	0.006672	0.815380	-0.035126	0.999242	0.016761	-0.814650	-0.038344	0.578683
78309573	-856.4868	-35.4223	-1359.0167	0.579244	0.007355	0.815121	-0.036203	0.999205	0.016711	-0.814350	-0.039190	0.579050
78309693	-856.4876	-35.4231	-1359.0169	0.579139	0.007892	0.815191	-0.035991	0.999226	0.015896	-0.814434	-0.038546	0.578974
78309821	-856.4879	-35.4223	-1359.0174	0.579489	0.008799	0.814932	-0.037740	0.999159	0.016048	-0.814106	-0.040055	0.579334
78309948	-856.4872	-35.4235	-1359.0174	0.579763	0.009508	0.814730	-0.038518	0.999134	0.015749	-0.813874	-0.040512	0.579627
78310070	-856.4881	-35.4238	-1359.0165	0.579318	0.009529	0.815046	-0.037533	0.999183	0.014996	-0.814237	-0.039279	0.579202
78310197	-856.4876	-35.4224	-1359.0171	0.579567	0.010862	0.814852	-0.038458	0.999162	0.014034	-0.814016	-0.039471	0.579499
78310320	-856.4876	-35.4238	-1359.0174	0.579289	0.009762	0.815064	-0.036661	0.999228	0.014088	-0.814297	-0.038043	0.579200
78310450	-856.4872	-35.4220	-1359.0177	0.579416	0.008935	0.814983	-0.036852	0.999204	0.015245	-0.814199	-0.038867	0.579284
78310575	-856.4874	-35.4235	-1359.0181	0.579421	0.010866	0.814956	-0.038154	0.999177	0.013804	-0.814135	-0.039092	0.579358
78310697	-856.4872	-35.4242	-1359.0154	0.579141	0.008224	0.815186	-0.037649	0.999152	0.016667	-0.814358	-0.040343	0.578959
78310820	-856.4869	-35.4256	-1359.0157	0.579359	0.008779	0.815025	-0.037539	0.999168	0.015921	-0.814208	-0.039819	0.579206
78310948	-856.4872	-35.4266	-1359.0158	0.579541	0.007926	0.814905	-0.036659	0.999194	0.016353	-0.814118	-0.039351	0.579364
78311072	-856.4867	-35.4265	-1359.0157	0.579385	0.009176	0.815002	-0.036534	0.999224	0.014722	-0.814235	-0.038305	0.579271
78311198	-856.4873	-35.4263	-1359.0158	0.579396	0.008347	0.815004	-0.037618	0.999156	0.016510	-0.814178	-0.040224	0.579220
78311320	-856.4869	-35.4261	-1359.0160	0.579269	0.009030	0.815086	-0.037814	0.999160	0.015804	-0.814259	-0.039977	0.579124
78311450	-856.4875	-35.4259	-1359.0153	0.579326	0.008705	0.815050	-0.037414	0.999173	0.015922	-0.814237	-0.039719	0.579172
78311573	-856.4874	-35.4265	-1359.0157	0.579517	0.008935	0.814911	-0.037342	0.999181	0.015600	-0.814105	-0.039470	0.579375
78311697	-856.4877	-35.4259	-1359.0153	0.579447	0.009707	0.814952	-0.037209	0.999202	0.014554	-0.814160	-0.038757	0.579345
78311822	-856.4871	-35.4252	-1359.0160	0.578815	0.010598	0.815390	-0.038116	0.999174	0.014071	-0.814568	-0.039224	0.578741
78311949	-856.4884	-35.4237	-1359.0161	0.579717	0.009612	0.814761	-0.038399	0.999142	0.015534	-0.813913	-0.040291	0.579589
78312071	-856.4879	-35.4238	-1359.0159	0.579200	0.009041	0.815135	-0.037765	0.999162	0.015752	-0.814310	-0.039908	0.579057
78312197	-856.4882	-35.4263	-1359.0148	0.579151	0.008973	0.815171	-0.037039	0.999196	0.015316	-0.814378	-0.039064	0.579018
78312318	-856.4876	-35.4273	-1359.0144	0.579445	0.006320	0.814987	-0.035811	0.999202	0.017712	-0.814224	-0.039449	0.579209
78312448	-856.4878	-35.4282	-1359.0145	0.579130	0.006653	0.815208	-0.034879	0.999253	0.016623	-0.814489	-0.038060	0.578929
78312580	-856.4884	-35.4275	-1359.0148	0.579474	0.006545	0.814965	-0.035795	0.999207	0.017427	-0.814204	-0.039270	0.579249
78312697	-856.4878	-35.4285	-1359.0132	0.578894	0.006031	0.815380	-0.034504	0.999258	0.017106	-0.814672	-0.038036	0.578673
78312820	-856.4881	-35.4285	-1359.0137	0.579739	0.006247	0.814778	-0.034860	0.999245	0.017143	-0.814056	-0.038342	0.579519
78312948	-856.4877	-35.4275	-1359.0133	0.578446	0.008286	0.815679	-0.036481	0.999211	0.015720	-0.814905	-0.038850	0.578292
78313070	-856.4894	-35.4257	-1359.0139	0.579328	0.009213	0.815043	-0.037608	0.999173	0.015437	-0.814227	-0.039595	0.579195
78313194	-856.4883	-35.4277	-1359.0135	0.579317	0.007852	0.815065	-0.037395	0.999157	0.016954	-0.814244	-0.040301	0.579122
78313316	-856.4884	-35.4280	-1359.0134	0.579157	0.007199	0.815184	-0.035675	0.999227	0.016521	-0.814435	-0.038649	0.578966
78313452	-856.4887	-35.4262	-1359.0147	0.579462	0.009019	0.814949	-0.037779	0.999161	0.015805	-0.814123	-0.039946	0.579317
78313577	-856.4877	-35.4283	-1359.0142	0.579314	0.006509	0.815078	-0.036538	0.999170	0.017990	-0.814285	-0.040203	0.579071
78313696	-856.4884	-35.4251	-1359.0143	0.578963	0.008345	0.815311	-0.037072	0.999183	0.016099	-0.814511	-0.039546	0.578799
78313820	-856.4878	-35.4270	-1359.0143	0.579178	0.008174	0.815160	-0.036405	0.999211	0.015846	-0.814388	-0.038854	0.579019
78313949	-856.4886	-35.4247	-1359.0141	0.579019	0.007815	0.815276	-0.037009	0.999175	0.016706	-0.814473	-0.039846	0.578831
78314069	-856.4884	-35.4235	-1359.0146	0.579686	0.007288	0.814808	-0.036690	0.999179	0.017166	-0.814014	-0.039847	0.579477
78314195	-856.4877	-35.4237	-1359.0140	0.579096	0.006843	0.815231	-0.036781	0.999166	0.017740	-0.814429	-0.040258	0.578864
78314320	-856.4875	-35.4224	-1359.0152	0.579712	0.007204	0.814790	-0.036365	0.999193	0.017039	-0.814010	-0.039508	0.579506
78314451	-856.4874	-35.4225	-1359.0150	0.579299	0.006649	0.815088	-0.035633	0.999217	0.017174	-0.814336	-0.038993	0.579082
78314574	-856.4877	-35.4201	-1359.0154	0.579607	0.007533	0.814862	-0.037519	0.999144	0.017451	-0.814032	-0.040688	0.579393
78314700	-856.4880	-35.4219	-1359.0159	0.579249	0.006371	0.815126	-0.036325	0.999178	0.018004	-0.814341	-0.040038	0.579004
78314820	-856.4880	-35.4204	-1359.0156	0.579478	0.005348	0.814970	-0.036512	0.999145	0.019405	-0.814170	-0.041001	0.579178
78314948	-856.4871	-35.4216	-1359.0152	0.579084	0.006431	0.815243	-0.036046	0.999193	0.017722	-0.814471	-0.039649	0.578848
78315069	-856.4872	-35.4199	-1359.0157	0.578737	0.004952	0.815499	-0.035863	0.999169	0.019385	-0.814725	-0.040465	0.578433
78315198	-856.4873	-35.4205	-1359.0159	0.579237	0.005008	0.815144	-0.035463	0.999189	0.019061	-0.814388	-0.039948	0.578945
78315319	-856.4873	-35.4191	-1359.0170	0.579359	0.007185	0.815041	-0.036538	0.999185	0.017164	-0.814253	-0.039724	0.579149
78315451	-856.4871	-35.4209	-1359.0171	0.579597	0.003143	0.814897	-0.033513	0.999239	0.019982	-0.814214	-0.038891	0.579261
78315571	-856.4871	-35.4199	-1359.0175	0.579598	0.004192	0.814892	-0.034437	0.999219	0.019354	-0.814175	-0.039280	0.579290
78315697	-856.4872	-35.4206	-1359.0174	0.580130	0.003139	0.814518	-0.033680	0.999230	0.020137	-0.813827	-0.039115	0.579789
78315822	-856.4869	-35.4200	-1359.0181	0.579949	0.003830	0.814644	-0.034398	0.999212	0.019790	-0.813927	-0.039499	0.579624
78315948	-856.4876	-35.4201	-1359.0184	0.580301	0.006963	0.814372	-0.035967	0.999207	0.017085	-0.813608	-0.039205	0.580091
78316072	-856.4877	-35.4225	-1359.0181	0.580229	0.008074	0.814413	-0.034931	0.999277	0.014980	-0.813704	-0.037140	0.580092
78316196	-856.4879	-35.4247	-1359.0164	0.579682	0.004354	0.814831	-0.031709	0.999349	0.017218	-0.814225	-0.035818	0.579443
78316319	-856.4879	-35.4245	-1359.0174	0.579747	0.005444	0.814779	-0.032666	0.999329	0.016567	-0.814142	-0.036221	0.579535
78316451	-856.4881	-35.4254	-1359.0169	0.579811	0.005168	0.814734	-0.032395	0.999335	0.016716	-0.814106	-0.036085	0.579593
78316571	-856.4885	-35.4239	-1359.0172	0.580058	0.003594	0.814567	-0.032824	0.999281	0.018965	-0.813914	-0.037738	0.579759
78316699	-856.4889	-35.4247	-1359.0176	0.579878	0.004215	0.814692	-0.034470	0.999218	0.019365	-0.813974	-0.039312	0.579570
78316817	-856.4892	-35.4256	-1359.0176	0.579865	0.003916	0.814703	-0.034420	0.999213	0.019695	-0.813985	-0.039462	0.579543
78316943	-856.4898	-35.4261	-1359.0174	0.579973	0.004651	0.814622	-0.035161	0.999195	0.019328	-0.813877	-0.039853	0.579669
78317070	-856.4894	-35.4258	-1359.0176	0.580000	0.005131	0.814600	-0.035291	0.999200	0.018834	-0.813852	-0.039672	0.579717
78317197	-856.4891	-35.4276	-1359.0169	0.580082	0.005073	0.814542	-0.035386	0.999194	0.018977	-0.813789	-0.039831	0.579794
78317319	-856.4897	-35.4273	-1359.0177	0.579952	0.003352	0.814643	-0.034331	0.999204	0.020329	-0.813927	-0.039758	0.579606
78317449	-856.4895	-35.4307	-1359.0163	0.579839	0.003975	0.814722	-0.033941	0.999238	0.019281	-0.814024	-0.038832	0.579532
78317569	-856.4902	-35.4302	-1359.0173	0.579695	0.004658	0.814820	-0.034651	0.999220	0.018940	-0.814096	-0.039214	0.579405
78317692	-856.4904	-35.4311	-1359.0167	0.579457	0.004193	0.814992	-0.033511	0.999264	0.018686	-0.814314	-0.038139	0.579171
78317817	-856.4911	-35.4325	-1359.0171	0.579466	0.003374	0.814989	-0.032735	0.999281	0.019138	-0.814338	-0.037769	0.579160
78317953	-856.4915	-35.4338	-1359.0169	0.579869	0.004901	0.814695	-0.033779	0.999267	0.018032	-0.814009	-0.037975	0.579609
78318070	-856.4903	-35.4323	-1359.0172	0.579086	0.002201	0.815263	-0.030605	0.999350	0.019040	-0.814692	-0.035977	0.578777
78318196	-856.4909	-35.4333	-1359.0176	0.579389	0.001054	0.815050	-0.028816	0.999400	0.019192	-0.814541	-0.034606	0.579072
78318318	-856.4913	-35.4328	-1359.0179	0.579210	0.001177	0.815178	-0.029772	0.999362	0.019711	-0.814635	-0.035686	0.578876
78318451	-856.4915	-35.4322	-1359.0191	0.579552	0.001150	0.814934	-0.030452	0.999331	0.020246	-0.814366	-0.036550	0.579200
78318576	-856.4916	-35.4328	-1359.0179	0.579338	0.001097	0.815087	-0.030317	0.999336	0.020203	-0.814523	-0.036415	0.578987
78318693	-856.4883	-35.4271	-1359.0168	0.579480	0.004715	0.814973	-0.031985	0.999344	0.016961	-0.814359	-0.035895	0.579251
78318820	-856.4885	-35.4264	-1359.0165	0.579299	0.004744	0.815101	-0.032588	0.999318	0.017345	-0.814463	-0.036610	0.579059
78318947	-856.4887	-35.4247	-1359.0168	0.579509	0.004484	0.814953	-0.032276	0.999327	0.017453	-0.814326	-0.036418	0.579264
78319068	-856.4891	-35.4243	-1359.0165	0.579708	0.004650	0.814811	-0.033711	0.999264	0.018282	-0.814127	-0.038067	0.579438
78319194	-856.4885	-35.4233	-1359.0173	0.579221	0.004793	0.815157	-0.033569	0.999275	0.017978	-0.814479	-0.037777	0.578962
78319318	-856.4892	-35.4252	-1359.0170	0.579733	0.004579	0.814793	-0.032525	0.999317	0.017525	-0.814157	-0.036661	0.579487
78319448	-856.4892	-35.4238	-1359.0177	0.579677	0.004281	0.814835	-0.032458	0.999314	0.017840	-0.814200	-0.036789	0.579418
78319574	-856.4887	-35.4250	-1359.0179	0.580044	0.004492	0.814573	-0.032877	0.999299	0.017901	-0.813922	-0.037164	0.579785
78319696	-856.4885	-35.4224	-1359.0169	0.579958	0.005253	0.814629	-0.034363	0.999247	0.018020	-0.813921	-0.038443	0.579702
78319819	-856.4889	-35.4214	-1359.0190	0.580249	0.004663	0.814426	-0.033958	0.999253	0.018472	-0.813731	-0.038374	0.579974
78319948	-856.4884	-35.4223	-1359.0172	0.579976	0.005973	0.814612	-0.034250	0.999268	0.017059	-0.813914	-0.037794	0.579755
78320070	-856.4884	-35.4218	-1359.0181	0.579924	0.005864	0.814650	-0.033513	0.999299	0.016664	-0.813981	-0.036965	0.579714
78320196	-856.4885	-35.4217	-1359.0178	0.579845	0.005634	0.814708	-0.033860	0.999279	0.017189	-0.814023	-0.037553	0.579617
78320318	-856.4889	-35.4213	-1359.0180	0.580179	0.005730	0.814469	-0.033734	0.999286	0.016999	-0.813790	-0.037338	0.579958
78320450	-856.4890	-35.4230	-1359.0181	0.580292	0.005013	0.814393	-0.033623	0.999276	0.017807	-0.813714	-0.037716	0.580041
78320574	-856.4888	-35.4221	-1359.0173	0.580503	0.005936	0.814237	-0.034267	0.999266	0.017145	-0.813537	-0.037855	0.580280
78320696	-856.4890	-35.4245	-1359.0171	0.579906	0.006171	0.814660	-0.034268	0.999271	0.016825	-0.813963	-0.037674	0.579694
78320819	-856.4887	-35.4248	-1359.0170	0.580356	0.006413	0.814338	-0.035508	0.999217	0.017436	-0.813589	-0.039034	0.580129
78320948	-856.4882	-35.4254	-1359.0171	0.579862	0.003775	0.814706	-0.032116	0.999318	0.018228	-0.814082	-0.036735	0.579588
78321070	-856.4886	-35.4247	-1359.0166	0.580015	0.004791	0.814592	-0.033563	0.999274	0.018022	-0.813914	-0.037793	0.579754
78321195	-856.4882	-35.4265	-1359.0163	0.579931	0.004885	0.814651	-0.032594	0.999320	0.017210	-0.814013	-0.036534	0.579696
78321316	-856.4883	-35.4246	-1359.0164	0.579882	0.003147	0.814694	-0.032802	0.999272	0.019488	-0.814040	-0.038024	0.579563
78321445	-856.4888	-35.4236	-1359.0165	0.580255	0.006296	0.814410	-0.034669	0.999255	0.016976	-0.813697	-0.038085	0.580041
78321578	-856.4886	-35.4241	-1359.0166	0.579822	0.004114	0.814733	-0.032890	0.999290	0.018361	-0.814079	-0.037442	0.579546
78321696	-856.4893	-35.4235	-1359.0164	0.580194	0.005151	0.814462	-0.034662	0.999230	0.018372	-0.813740	-0.038890	0.579926
78321820	-856.4892	-35.4221	-1359.0172	0.580075	0.006016	0.814541	-0.034983	0.999234	0.017533	-0.813811	-0.038666	0.579842
78321948	-856.4892	-35.4220	-1359.0178	0.579863	0.005049	0.814699	-0.033882	0.999265	0.017922	-0.814009	-0.037996	0.579608
78322070	-856.4895	-35.4233	-1359.0167	0.579652	0.005625	0.814845	-0.033484	0.999296	0.016922	-0.814176	-0.037093	0.579432
78322193	-856.4892	-35.4236	-1359.0167	0.579907	0.004910	0.814668	-0.033211	0.999293	0.017617	-0.814005	-0.037272	0.579660
78322315	-856.4888	-35.4251	-1359.0153	0.579332	0.003619	0.815083	-0.032448	0.999300	0.018627	-0.814445	-0.037239	0.579044
78322452	-856.4891	-35.4252	-1359.0158	0.579428	0.005080	0.815007	-0.032299	0.999338	0.016733	-0.814383	-0.036019	0.579209
78322580	-856.4893	-35.4259	-1359.0158	0.579206	0.005037	0.815166	-0.032978	0.999307	0.017257	-0.814514	-0.036878	0.578971
78322696	-856.4894	-35.4249	-1359.0163	0.580016	0.005406	0.814587	-0.033908	0.999272	0.017512	-0.813899	-0.037778	0.579777
78322819	-856.4892	-35.4260	-1359.0153	0.579620	0.004639	0.814874	-0.033324	0.999282	0.018015	-0.814205	-0.037596	0.579358
78322948	-856.4896	-35.4258	-1359.0157	0.579741	0.004342	0.814789	-0.033614	0.999262	0.018592	-0.814107	-0.038167	0.579459
78323068	-856.4894	-35.4259	-1359.0152	0.579453	0.006380	0.814981	-0.035122	0.999236	0.017149	-0.814248	-0.038561	0.579234
78323194	-856.4897	-35.4256	-1359.0155	0.579445	0.004455	0.814999	-0.033019	0.999292	0.018014	-0.814342	-0.037348	0.579182
78323319	-856.4897	-35.4263	-1359.0147	0.579283	0.003877	0.815117	-0.032472	0.999305	0.018325	-0.814480	-0.037084	0.579006
78323450	-856.4890	-35.4273	-1359.0147	0.579776	0.003483	0.814768	-0.032873	0.999277	0.019120	-0.814112	-0.037869	0.579471
78323580	-856.4893	-35.4264	-1359.0147	0.579586	0.002508	0.814907	-0.032184	0.999286	0.019815	-0.814275	-0.037712	0.579253
78323695	-856.4890	-35.4235	-1359.0155	0.579669	0.003832	0.814843	-0.032606	0.999297	0.018496	-0.814199	-0.037291	0.579387
78323819	-856.4881	-35.4246	-1359.0160	0.579626	0.004435	0.814871	-0.032875	0.999298	0.017946	-0.814219	-0.037191	0.579365
78323947	-856.4883	-35.4228	-1359.0157	0.579839	0.004858	0.814717	-0.033553	0.999276	0.017921	-0.814040	-0.037727	0.579582
78324069	-856.4889	-35.4218	-1359.0174	0.580483	0.005171	0.814256	-0.034171	0.999254	0.018015	-0.813555	-0.038281	0.580226
78324196	-856.4889	-35.4225	-1359.0167	0.579736	0.005037	0.814789	-0.033100	0.999301	0.017374	-0.814132	-0.037042	0.579497
78324318	-856.4886	-35.4224	-1359.0165	0.580381	0.004577	0.814332	-0.033222	0.999285	0.018061	-0.813667	-0.037536	0.580118
78324452	-856.4886	-35.4231	-1359.0164	0.580150	0.005948	0.814488	-0.033161	0.999317	0.016322	-0.813835	-0.036479	0.579951
78324577	-856.4881	-35.4235	-1359.0167	0.580154	0.005013	0.814491	-0.033043	0.999303	0.017386	-0.813836	-0.037000	0.579915
78324695	-856.4889	-35.4252	-1359.0155	0.580120	0.004045	0.814521	-0.032836	0.999291	0.018424	-0.813869	-0.037433	0.579842
78324819	-856.4891	-35.4232	-1359.0163	0.579840	0.002867	0.814725	-0.033180	0.999247	0.020098	-0.814054	-0.038686	0.579499
78324947	-856.4894	-35.4244	-1359.0171	0.580385	0.004808	0.814328	-0.032910	0.999304	0.017556	-0.813677	-0.036989	0.580140
78325066	-856.4889	-35.4244	-1359.0166	0.580190	0.005343	0.814463	-0.033356	0.999295	0.017205	-0.813798	-0.037149	0.579960
78325196	-856.4888	-35.4248	-1359.0161	0.579819	0.005336	0.814728	-0.033039	0.999310	0.016969	-0.814075	-0.036757	0.579596
78325318	-856.4890	-35.4229	-1359.0179	0.580544	0.006061	0.814207	-0.034343	0.999265	0.017049	-0.813504	-0.037860	0.580325
78325450	-856.4882	-35.4236	-1359.0162	0.579820	0.004220	0.814734	-0.033221	0.999277	0.018467	-0.814067	-0.037774	0.579541
78325571	-856.4889	-35.4220	-1359.0181	0.580677	0.004520	0.814122	-0.033607	0.999265	0.018423	-0.813440	-0.038058	0.580402
78325696	-856.4882	-35.4223	-1359.0171	0.580670	0.005404	0.814121	-0.034063	0.999264	0.017662	-0.813426	-0.037987	0.580427
78325819	-856.4882	-35.4216	-1359.0181	0.580188	0.003775	0.814474	-0.032820	0.999285	0.018747	-0.813821	-0.037608	0.579897
78325948	-856.4880	-35.4241	-1359.0172	0.580149	0.004874	0.814496	-0.031897	0.999351	0.016739	-0.813885	-0.035691	0.579928
78326070	-856.4882	-35.4226	-1359.0175	0.580443	0.005724	0.814281	-0.034053	0.999271	0.017250	-0.813589	-0.037741	0.580215
78326196	-856.4886	-35.4213	-1359.0177	0.580346	0.006393	0.814345	-0.034592	0.999260	0.016807	-0.813635	-0.037924	0.580138
78326318	-856.4888	-35.4221	-1359.0174	0.580178	0.006856	0.814461	-0.034280	0.999284	0.016007	-0.813768	-0.037207	0.579997
78326450	-856.4886	-35.4221	-1359.0174	0.579827	0.006875	0.814711	-0.033361	0.999326	0.015310	-0.814056	-0.036057	0.579666
78326571	-856.4880	-35.4245	-1359.0167	0.579702	0.004500	0.814816	-0.031179	0.999375	0.016663	-0.814232	-0.035065	0.579480
78326697	-856.4887	-35.4244	-1359.0169	0.580265	0.004331	0.814416	-0.031320	0.999365	0.017001	-0.813825	-0.035372	0.580032
78326815	-856.4882	-35.4249	-1359.0174	0.579564	0.004798	0.814913	-0.031828	0.999353	0.016753	-0.814305	-0.035647	0.579342
78326948	-856.4888	-35.4239	-1359.0173	0.579935	0.004696	0.814649	-0.031902	0.999347	0.016949	-0.814038	-0.035819	0.579706
78327070	-856.4890	-35.4243	-1359.0172	0.579736	0.004740	0.814790	-0.031629	0.999360	0.016692	-0.814190	-0.035448	0.579515
78327194	-856.4892	-35.4232	-1359.0175	0.580415	0.003563	0.814313	-0.031834	0.999325	0.018318	-0.813699	-0.036555	0.580136
78327317	-856.4891	-35.4232	-1359.0170	0.580087	0.005984	0.814532	-0.032374	0.999352	0.015714	-0.813911	-0.035485	0.579905
78327448	-856.4884	-35.4226	-1359.0169	0.579823	0.005460	0.814725	-0.032896	0.999319	0.016714	-0.814078	-0.036492	0.579607
78327567	-856.4887	-35.4228	-1359.0171	0.580281	0.006067	0.814394	-0.033032	0.999325	0.016092	-0.813746	-0.036239	0.580089
78327692	-856.4886	-35.4212	-1359.0181	0.580798	0.005606	0.814029	-0.034846	0.999231	0.017980	-0.813302	-0.038808	0.580546
78327818	-856.4884	-35.4236	-1359.0164	0.580040	0.003775	0.814579	-0.032064	0.999320	0.018201	-0.813957	-0.036676	0.579766
78327957	-856.4880	-35.4241	-1359.0172	0.580420	0.004818	0.814303	-0.033304	0.999286	0.017825	-0.813636	-0.037466	0.580166
