META	HEADER	GNSS location/orientation script
META	VERSION	1.0.1
META	FORMAT	ASCII
META	CONTENT	DEFAULT
META	TIMESTAMPS	UPTIME
META	END
Uptime	Origin_X	Origin_Y	Origin_Z	Basis_XX	Basis_XY	Basis_XZ	Basis_YX	Basis_YY	Basis_YZ	Basis_ZX	Basis_ZY	Basis_ZZ
77898694	-14.0698	-9.4601	-61.6493	0.968203	0.008427	0.250024	-0.001342	0.999593	-0.028494	-0.250163	0.027253	0.967820
77898818	-13.9134	-9.4678	-62.2511	0.968604	0.006643	0.248520	0.000563	0.999582	-0.028915	-0.248609	0.028147	0.968195
77898944	-13.7580	-9.4764	-62.8520	0.969554	0.000549	0.244877	0.005226	0.999723	-0.022932	-0.244822	0.023513	0.969283
77899067	-13.6022	-9.4955	-63.4520	0.969838	0.000756	0.243749	0.004202	0.999795	-0.019822	-0.243714	0.020248	0.969636
77899190	-13.4565	-9.5169	-64.0608	0.969672	0.004908	0.244362	0.000994	0.999711	-0.024026	-0.244409	0.023540	0.969386
77899313	-13.2990	-9.5337	-64.6652	0.970222	0.002345	0.242205	0.004544	0.999601	-0.027881	-0.242174	0.028151	0.969824
77899446	-13.1405	-9.5458	-65.2730	0.970386	0.002017	0.241550	0.005680	0.999498	-0.031164	-0.241492	0.031614	0.969888
77899577	-12.9772	-9.5594	-65.8881	0.971422	-0.005593	0.237291	0.012561	0.999533	-0.027866	-0.237025	0.030050	0.971039
77899695	-12.8350	-9.5818	-66.5000	0.971759	0.002075	0.235968	0.004630	0.999601	-0.027858	-0.235932	0.028163	0.971361
77899819	-12.6776	-9.6022	-67.1095	0.972241	0.003887	0.233951	0.003214	0.999546	-0.029965	-0.233962	0.029885	0.971786
77899941	-12.5392	-9.6213	-67.7279	0.972481	0.004284	0.232943	0.004338	0.999325	-0.036491	-0.232942	0.036498	0.971805
77900066	-12.3894	-9.6381	-68.3425	0.973739	-0.002428	0.227656	0.009372	0.999523	-0.029426	-0.227476	0.030787	0.973297
77900189	-12.2456	-9.6609	-68.9631	0.974361	-0.004244	0.224950	0.011198	0.999498	-0.029646	-0.224712	0.031405	0.973919
77900316	-12.0907	-9.6863	-69.5863	0.974739	-0.002230	0.223337	0.010426	0.999314	-0.035525	-0.223104	0.036956	0.974094
77900444	-11.9348	-9.7076	-70.2078	0.975170	-0.005510	0.221389	0.014938	0.999050	-0.040934	-0.220953	0.043225	0.974326
77900576	-11.8062	-9.7219	-70.8317	0.975116	-0.006468	0.221599	0.014431	0.999306	-0.034334	-0.221223	0.036677	0.974533
77900695	-11.6774	-9.7435	-71.4615	0.976171	0.004451	0.216955	0.002476	0.999496	-0.031646	-0.216987	0.031429	0.975669
77900822	-11.5212	-9.7621	-72.0891	0.976041	-0.005984	0.217504	0.012577	0.999502	-0.028939	-0.217222	0.030981	0.975630
77900945	-11.3726	-9.7925	-72.7180	0.977333	-0.015100	0.211167	0.023201	0.999085	-0.035940	-0.210431	0.040024	0.976789
77901066	-11.2267	-9.8159	-73.3525	0.977218	-0.019519	0.211338	0.029027	0.998697	-0.041980	-0.210243	0.047158	0.976511
77901191	-11.0970	-9.8382	-73.9923	0.977199	-0.015206	0.211780	0.025264	0.998673	-0.044868	-0.210817	0.049195	0.976287
77901316	-10.9633	-9.8638	-74.6290	0.977449	-0.015181	0.210627	0.023769	0.998984	-0.038301	-0.209832	0.042444	0.976816
77901446	-10.8254	-9.8941	-75.2634	0.977897	-0.007747	0.208946	0.015320	0.999282	-0.034647	-0.208527	0.037082	0.977313
77901575	-10.6833	-9.9194	-75.9068	0.978103	-0.011028	0.207828	0.018264	0.999291	-0.032929	-0.207318	0.036003	0.977611
77901699	-10.5458	-9.9517	-76.5460	0.978810	-0.003343	0.204742	0.011066	0.999269	-0.036586	-0.204470	0.038077	0.978132
77901822	-10.4073	-9.9689	-77.1924	0.978933	-0.013018	0.203769	0.019728	0.999327	-0.030933	-0.203229	0.034302	0.978530
77901945	-10.2779	-9.9947	-77.8407	0.979828	-0.008756	0.199651	0.016689	0.999135	-0.038085	-0.199145	0.040649	0.979127
77902065	-10.1458	-10.0174	-78.4949	0.980027	-0.007899	0.198705	0.015181	0.999267	-0.035149	-0.198282	0.037464	0.979429
77902194	-10.0160	-10.0480	-79.1496	0.980644	-0.003868	0.195762	0.011636	0.999189	-0.038544	-0.195454	0.040076	0.979894
77902319	-9.8756	-10.0712	-79.7995	0.980990	-0.008539	0.193868	0.015207	0.999342	-0.032928	-0.193460	0.035250	0.980475
77902450	-9.7353	-10.0922	-80.4604	0.981233	-0.016428	0.192125	0.022746	0.999269	-0.030727	-0.191480	0.034520	0.980889
77902581	-9.6231	-10.1226	-81.1236	0.982066	-0.005307	0.188464	0.012285	0.999281	-0.035874	-0.188138	0.037546	0.981425
77902698	-9.4908	-10.1516	-81.7861	0.982454	-0.005826	0.186415	0.011929	0.999428	-0.031632	-0.186124	0.033300	0.981962
77902820	-9.3633	-10.1708	-82.4495	0.982858	-0.004821	0.184303	0.011648	0.999285	-0.035977	-0.183998	0.037507	0.982211
77902942	-9.2251	-10.1890	-83.1150	0.982853	-0.009251	0.184156	0.015656	0.999321	-0.033359	-0.183722	0.035671	0.982331
77903070	-9.1080	-10.2079	-83.7883	0.983047	-0.011224	0.183011	0.017258	0.999358	-0.031410	-0.182541	0.034036	0.982609
77903194	-8.9897	-10.2336	-84.4629	0.984044	-0.008065	0.177743	0.014820	0.999216	-0.036709	-0.177308	0.038757	0.983392
77903320	-8.8609	-10.2565	-85.1364	0.984484	-0.008966	0.175246	0.016011	0.999118	-0.038831	-0.174743	0.041034	0.983759
77903449	-8.7371	-10.2810	-85.8089	0.984763	-0.005583	0.173811	0.012602	0.999148	-0.039308	-0.173443	0.040900	0.983994
77903580	-8.6167	-10.3086	-86.4845	0.985015	-0.005504	0.172382	0.012633	0.999108	-0.040284	-0.172006	0.041858	0.984206
77903696	-8.4951	-10.3277	-87.1632	0.984942	-0.011501	0.172503	0.017247	0.999344	-0.031847	-0.172023	0.034342	0.984494
77903818	-8.3793	-10.3480	-87.8540	0.984448	-0.002695	0.175655	0.009439	0.999249	-0.037568	-0.175422	0.038642	0.983735
77903948	-8.2482	-10.3659	-88.5377	0.984378	-0.010870	0.175731	0.016962	0.999305	-0.033202	-0.175248	0.035664	0.983878
77904070	-8.1197	-10.3885	-89.2137	0.984386	-0.014788	0.175401	0.019992	0.999410	-0.027939	-0.174884	0.031009	0.984101
77904194	-7.9929	-10.4119	-89.9036	0.984575	-0.012405	0.174521	0.017354	0.999489	-0.026861	-0.174098	0.029476	0.984287
77904318	-7.8843	-10.4368	-90.5918	0.984841	-0.005486	0.173372	0.009993	0.999634	-0.025133	-0.173171	0.026485	0.984536
77904448	-7.7535	-10.4607	-91.2887	0.984363	-0.011801	0.175755	0.016623	0.999524	-0.025987	-0.175364	0.028502	0.984091
77904571	-7.6200	-10.4722	-91.9895	0.985031	-0.012607	0.171918	0.018127	0.999368	-0.030574	-0.171424	0.033233	0.984637
77904698	-7.4942	-10.4964	-92.6883	0.985322	-0.012188	0.170269	0.017150	0.999469	-0.027699	-0.169841	0.030213	0.985008
77904823	-7.3643	-10.5139	-93.3923	0.984539	-0.023247	0.173615	0.026633	0.999497	-0.017202	-0.173128	0.021560	0.984663
77904948	-7.2411	-10.5393	-94.1015	0.984636	-0.022322	0.173186	0.025883	0.999497	-0.018330	-0.172689	0.022531	0.984719
77905070	-7.1104	-10.5622	-94.8160	0.984706	-0.018209	0.173267	0.021853	0.999578	-0.019145	-0.172846	0.022639	0.984689
77905196	-6.9778	-10.5838	-95.5351	0.984965	-0.020695	0.171508	0.025719	0.999301	-0.027121	-0.170827	0.031124	0.984809
77905321	-6.8474	-10.5972	-96.2604	0.985046	-0.014660	0.171666	0.019902	0.999385	-0.028857	-0.171138	0.031842	0.984732
77905450	-6.7210	-10.6144	-96.9872	0.985374	-0.010308	0.170094	0.014642	0.999599	-0.024247	-0.169776	0.026383	0.985129
77905573	-6.5851	-10.6331	-97.7131	0.985312	-0.010533	0.170438	0.014968	0.999581	-0.024755	-0.170106	0.026942	0.985057
77905699	-6.4536	-10.6512	-98.4465	0.985002	-0.014551	0.171927	0.019056	0.999516	-0.024587	-0.171486	0.027495	0.984803
77905823	-6.3258	-10.6667	-99.1798	0.985304	-0.007687	0.170635	0.011975	0.999637	-0.024116	-0.170387	0.025805	0.985039
77905947	-6.1898	-10.6825	-99.9205	0.985538	-0.010340	0.169139	0.014633	0.999601	-0.024155	-0.168821	0.026280	0.985296
77906079	-6.0540	-10.6998	-100.6588	0.985065	-0.013297	0.171670	0.016223	0.999746	-0.015651	-0.171419	0.018202	0.985030
77906198	-5.9191	-10.7131	-101.4097	0.985458	-0.019817	0.168760	0.023406	0.999540	-0.019305	-0.168300	0.022974	0.985468
77906321	-5.7879	-10.7327	-102.1648	0.985372	-0.014395	0.169810	0.018294	0.999603	-0.021418	-0.169435	0.024211	0.985244
77906450	-5.6471	-10.7554	-102.9186	0.985215	-0.020411	0.170100	0.024307	0.999487	-0.020852	-0.169587	0.024678	0.985206
77906570	-5.5029	-10.7732	-103.6805	0.985275	-0.026038	0.168984	0.030282	0.999286	-0.022587	-0.168276	0.027372	0.985360
77906701	-5.3735	-10.7946	-104.4374	0.984991	-0.028097	0.170303	0.032285	0.999239	-0.021873	-0.169559	0.027043	0.985149
77906822	-5.2372	-10.8166	-105.1950	0.986132	-0.026174	0.163887	0.032213	0.998892	-0.034303	-0.162807	0.039107	0.985883
77906946	-5.1043	-10.8282	-105.9585	0.986432	-0.024915	0.162270	0.031243	0.998843	-0.036561	-0.161171	0.041135	0.986069
77907069	-4.9643	-10.8455	-106.7288	0.986254	-0.027412	0.162946	0.032841	0.998988	-0.030719	-0.161939	0.035648	0.986157
77907193	-4.8270	-10.8738	-107.5085	0.985483	-0.027272	0.167568	0.032045	0.999152	-0.025846	-0.166721	0.030841	0.985522
77907314	-4.6901	-10.8833	-108.2804	0.986108	-0.029359	0.163493	0.033970	0.999098	-0.025474	-0.162597	0.030674	0.986216
77907442	-4.5556	-10.9018	-109.0576	0.987318	-0.021227	0.157332	0.027275	0.998966	-0.036378	-0.156397	0.040208	0.986876
77907576	-4.4082	-10.9086	-109.8371	0.986680	-0.035011	0.158860	0.039010	0.998994	-0.022126	-0.157926	0.028028	0.987053
77907697	-4.2755	-10.9058	-110.6272	0.985244	-0.043886	0.165431	0.045026	0.998981	-0.003142	-0.165124	0.010544	0.986216
77907821	-4.1565	-10.9291	-111.4017	0.985934	-0.051864	0.158885	0.052920	0.998596	-0.002415	-0.158537	0.010789	0.987294
77907946	-4.0247	-10.9421	-112.1794	0.985848	-0.052713	0.159135	0.053868	0.998544	-0.002952	-0.158748	0.011482	0.987252
77908068	-3.8946	-10.9532	-112.9633	0.986077	-0.051616	0.158075	0.052883	0.998593	-0.003820	-0.157655	0.012126	0.987420
77908193	-3.7619	-10.9586	-113.7436	0.986658	-0.052965	0.153951	0.053822	0.998550	-0.001398	-0.153654	0.009666	0.988077
77908316	-3.6326	-10.9632	-114.5279	0.987291	-0.049620	0.150978	0.051247	0.998662	-0.006903	-0.150434	0.014552	0.988513
77908449	-3.5190	-10.9585	-115.3132	0.988086	-0.038535	0.149001	0.039932	0.999182	-0.006395	-0.148632	0.012269	0.988816
77908572	-3.3999	-10.9526	-116.0899	0.988549	-0.034453	0.146912	0.035159	0.999379	-0.002215	-0.146744	0.007355	0.989147
77908695	-3.2760	-10.9584	-116.8781	0.988818	-0.035515	0.144838	0.036731	0.999309	-0.005729	-0.144534	0.010985	0.989439
77908828	-3.1515	-10.9613	-117.6522	0.988478	-0.039593	0.146098	0.040438	0.999178	-0.002814	-0.145866	0.008690	0.989266
77908946	-3.0366	-10.9544	-118.4358	0.988797	-0.033769	0.145396	0.034380	0.999407	-0.001687	-0.145253	0.006667	0.989372
77909068	-2.9292	-10.9477	-119.2113	0.988634	-0.028278	0.147660	0.028435	0.999595	0.001043	-0.147630	0.003167	0.989038
77909193	-2.8057	-10.9402	-119.9819	0.988522	-0.027615	0.148531	0.026264	0.999594	0.011050	-0.148775	-0.007023	0.988846
77909320	-2.6729	-10.9279	-120.7575	0.987727	-0.032363	0.152800	0.030060	0.999397	0.017361	-0.153270	-0.012555	0.988105
77909448	-2.5489	-10.9156	-121.5275	0.987356	-0.031624	0.155335	0.028702	0.999367	0.021013	-0.155901	-0.016289	0.987638
77909574	-2.4259	-10.9008	-122.2952	0.987145	-0.023331	0.158112	0.019599	0.999492	0.025121	-0.158618	-0.021699	0.987102
77909696	-2.3042	-10.8966	-123.0626	0.986909	-0.022011	0.159771	0.018707	0.999579	0.022159	-0.160191	-0.018880	0.986905
77909821	-2.1773	-10.8877	-123.8246	0.986676	-0.017479	0.161758	0.013937	0.999638	0.023005	-0.162101	-0.020444	0.986562
77909946	-2.0445	-10.8735	-124.5930	0.986708	-0.015969	0.161717	0.012670	0.999691	0.021409	-0.162008	-0.019076	0.986605
77910071	-1.9147	-10.8613	-125.3570	0.986410	-0.013647	0.163733	0.010822	0.999777	0.018135	-0.163944	-0.016116	0.986338
77910195	-1.7884	-10.8431	-126.1230	0.986472	-0.010157	0.163615	0.007247	0.999805	0.018377	-0.163770	-0.016942	0.986353
77910320	-1.6617	-10.8282	-126.8834	0.986285	-0.007387	0.164884	0.004699	0.999850	0.016689	-0.164982	-0.015686	0.986172
77910450	-1.5309	-10.8174	-127.6389	0.986638	-0.006084	0.162815	0.003124	0.999825	0.018430	-0.162899	-0.017675	0.986484
77910573	-1.4009	-10.8032	-128.3960	0.986590	-0.008566	0.162991	0.005418	0.999790	0.019748	-0.163126	-0.018600	0.986430
77910702	-1.2793	-10.7864	-129.1504	0.986926	-0.006230	0.161056	0.002725	0.999755	0.021969	-0.161153	-0.021243	0.986701
77910822	-1.1595	-10.7679	-129.9058	0.987354	-0.000846	0.158528	-0.002568	0.999769	0.021330	-0.158509	-0.021467	0.987124
77910948	-1.0401	-10.7548	-130.6615	0.987598	0.001631	0.156997	-0.005037	0.999761	0.021297	-0.156924	-0.021824	0.987369
77911070	-0.9178	-10.7407	-131.4195	0.988166	0.000374	0.153390	-0.003139	0.999837	0.017787	-0.153358	-0.018058	0.988006
77911196	-0.8061	-10.7275	-132.1784	0.988174	0.003745	0.153291	-0.005893	0.999891	0.013564	-0.153224	-0.014307	0.988088
77911321	-0.6915	-10.7153	-132.9337	0.988762	0.002961	0.149471	-0.004771	0.999920	0.011752	-0.149424	-0.012333	0.988696
77911452	-0.5711	-10.7063	-133.6854	0.989188	-0.001961	0.146643	0.000127	0.999922	0.012517	-0.146656	-0.012363	0.989110
77911582	-0.4634	-10.6987	-134.4390	0.989877	0.000438	0.141929	-0.002152	0.999927	0.011922	-0.141914	-0.012106	0.989805
77911698	-0.3602	-10.6859	-135.2003	0.990544	0.000928	0.137193	-0.002248	0.999953	0.009461	-0.137177	-0.009680	0.990499
77911821	-0.2533	-10.6779	-135.9591	0.991347	-0.001954	0.131254	0.001186	0.999982	0.005928	-0.131263	-0.005721	0.991331
77911943	-0.1573	-10.6736	-136.7184	0.991878	0.001957	0.127177	-0.002437	0.999990	0.003622	-0.127169	-0.003902	0.991873
77912072	-0.0686	-10.6659	-137.4755	0.992605	0.001907	0.121376	-0.002528	0.999984	0.004963	-0.121365	-0.005234	0.992594
77912197	0.0226	-10.6633	-138.2348	0.993165	0.002575	0.116688	-0.003074	0.999987	0.004098	-0.116676	-0.004428	0.993160
77912321	0.0988	-10.6629	-138.9999	0.993780	0.007203	0.111127	-0.007410	0.999971	0.001456	-0.111114	-0.002270	0.993805
77912451	0.1704	-10.6625	-139.7671	0.994286	0.011549	0.106118	-0.011548	0.999933	-0.000627	-0.106118	-0.000602	0.994353
77912573	0.2528	-10.6597	-140.5337	0.994958	0.009503	0.099840	-0.009219	0.999952	-0.003299	-0.099867	0.002362	0.994998
77912699	0.3215	-10.6614	-141.3038	0.995261	0.012454	0.096435	-0.011899	0.999909	-0.006331	-0.096505	0.005153	0.995319
77912820	0.3822	-10.6655	-142.0791	0.995682	0.019774	0.090695	-0.018893	0.999766	-0.010561	-0.090883	0.008802	0.995823
77912950	0.4537	-10.6656	-142.8550	0.996354	0.018068	0.083385	-0.017355	0.999806	-0.009262	-0.083536	0.007781	0.996474
77913074	0.5140	-10.6504	-143.6309	0.996792	0.022572	0.076793	-0.022810	0.999737	0.002226	-0.076723	-0.003971	0.997045
77913197	0.5682	-10.6755	-144.4071	0.996898	0.018118	0.076596	-0.017355	0.999793	-0.010617	-0.076773	0.009255	0.997006
77913320	0.6195	-10.6895	-145.1901	0.997278	0.017095	0.071725	-0.015794	0.999701	-0.018676	-0.072023	0.017492	0.997250
77913451	0.6852	-10.6971	-145.9762	0.997781	0.010648	0.065728	-0.009085	0.999670	-0.024038	-0.065962	0.023388	0.997548
77913585	0.7332	-10.7070	-146.7642	0.998130	0.006625	0.060767	-0.005415	0.999784	-0.020049	-0.060886	0.019682	0.997951
77913697	0.7597	-10.7177	-147.5522	0.998378	0.015213	0.054866	-0.014242	0.999736	-0.018052	-0.055126	0.017241	0.998331
77913826	0.8072	-10.7266	-148.3462	0.998780	0.011182	0.048096	-0.010378	0.999803	-0.016919	-0.048276	0.016399	0.998699
77913950	0.8494	-10.7379	-149.1424	0.999079	0.004243	0.042689	-0.003508	0.999845	-0.017264	-0.042756	0.017098	0.998939
77914073	0.8728	-10.7549	-149.9445	0.999218	0.009840	0.038285	-0.009055	0.999746	-0.020636	-0.038478	0.020274	0.999054
77914198	0.8984	-10.7692	-150.7451	0.999443	0.007896	0.032417	-0.007228	0.999760	-0.020675	-0.032572	0.020429	0.999261
77914323	0.9173	-10.7790	-151.5486	0.999581	0.011946	0.026362	-0.011455	0.999760	-0.018670	-0.026578	0.018360	0.999478
77914453	0.9358	-10.7926	-152.3454	0.999710	0.011744	0.021038	-0.011417	0.999814	-0.015569	-0.021217	0.015324	0.999657
77914576	0.9511	-10.8039	-153.1507	0.999830	0.009001	0.016085	-0.008823	0.999900	-0.011076	-0.016183	0.010932	0.999809
77914705	0.9600	-10.8147	-153.9623	0.999891	0.009564	0.011237	-0.009456	0.999910	-0.009562	-0.011327	0.009455	0.999891
77914827	0.9691	-10.8282	-154.7727	0.999977	0.004756	0.004928	-0.004685	0.999887	-0.014299	-0.004996	0.014276	0.999886
77914952	0.9712	-10.8327	-155.5777	0.999998	0.001852	-0.000567	-0.001858	0.999935	-0.011223	0.000547	0.011224	0.999937
77915075	0.9589	-10.8441	-156.3879	0.999952	0.006147	-0.007666	-0.006229	0.999922	-0.010787	0.007599	0.010834	0.999912
77915200	0.9591	-10.8562	-157.1957	0.999901	-0.000989	-0.014061	0.000875	0.999967	-0.008089	0.014068	0.008076	0.999868
77915324	0.9459	-10.8625	-158.0058	0.999816	-0.003593	-0.018840	0.003392	0.999937	-0.010684	0.018877	0.010618	0.999765
77915453	0.9214	-10.8713	-158.8198	0.999665	0.000027	-0.025897	-0.000321	0.999936	-0.011321	0.025895	0.011325	0.999601
77915579	0.8870	-10.8829	-159.6282	0.999437	0.005472	-0.033096	-0.005816	0.999930	-0.010299	0.033038	0.010486	0.999399
77915699	0.8604	-10.8883	-160.4442	0.999076	0.002207	-0.042914	-0.002777	0.999909	-0.013227	0.042881	0.013334	0.998991
77915826	0.8244	-10.9022	-161.2501	0.998766	0.000540	-0.049669	-0.001049	0.999947	-0.010229	0.049661	0.010269	0.998713
77915955	0.7666	-10.9156	-162.0642	0.998485	0.005983	-0.054699	-0.006625	0.999911	-0.011555	0.054625	0.011900	0.998436
77916075	0.7144	-10.9267	-162.8828	0.998064	0.004583	-0.062023	-0.005710	0.999822	-0.018009	0.061929	0.018328	0.997912
77916199	0.6602	-10.9387	-163.7042	0.997734	0.004219	-0.067154	-0.005660	0.999758	-0.021275	0.067048	0.021607	0.997516
77916322	0.5956	-10.9514	-164.5176	0.997213	0.007638	-0.074219	-0.009303	0.999712	-0.022105	0.074029	0.022734	0.996997
77916450	0.5364	-10.9615	-165.3290	0.996856	0.005047	-0.079074	-0.006378	0.999842	-0.016587	0.078978	0.017040	0.996731
77916576	0.4746	-10.9750	-166.1455	0.996216	-0.001416	-0.086895	0.000163	0.999896	-0.014428	0.086906	0.014359	0.996113
77916703	0.3908	-10.9819	-166.9606	0.995606	0.008065	-0.093295	-0.009348	0.999868	-0.013318	0.093176	0.014132	0.995549
77916826	0.3135	-10.9860	-167.7810	0.995010	0.005559	-0.099619	-0.007160	0.999851	-0.015730	0.099517	0.016365	0.994901
77916949	0.2354	-10.9925	-168.6037	0.994259	-0.000663	-0.107000	-0.001379	0.999818	-0.019012	0.106993	0.019050	0.994077
77917073	0.1435	-10.9996	-169.4234	0.993760	0.002037	-0.111519	-0.004297	0.999790	-0.020030	0.111455	0.020385	0.993560
77917196	0.0478	-11.0070	-170.2440	0.993170	0.002846	-0.116639	-0.005289	0.999773	-0.020638	0.116553	0.021114	0.992960
77917320	-0.0503	-11.0110	-171.0618	0.992702	0.004435	-0.120511	-0.006324	0.999863	-0.015297	0.120427	0.015947	0.992594
77917454	-0.1508	-11.0179	-171.8790	0.992154	0.007196	-0.124816	-0.009122	0.999848	-0.014868	0.124690	0.015890	0.992068
77917575	-0.2450	-11.0276	-172.7019	0.991761	-0.000356	-0.128098	-0.001920	0.999843	-0.017639	0.128084	0.017740	0.991605
77917701	-0.3497	-11.0312	-173.5235	0.991470	-0.000504	-0.130334	-0.001679	0.999860	-0.016642	0.130324	0.016719	0.991330
77917826	-0.4655	-11.0362	-174.3446	0.991032	0.007434	-0.133416	-0.009705	0.999819	-0.016381	0.133271	0.017529	0.990925
77917951	-0.5707	-11.0414	-175.1687	0.990396	-0.002551	-0.138237	-0.000068	0.999821	-0.018942	0.138261	0.018769	0.990218
77918072	-0.6722	-11.0432	-175.9970	0.990125	-0.010180	-0.139821	0.007641	0.999796	-0.018687	0.139982	0.017434	0.990000
77918197	-0.7950	-11.0508	-176.8202	0.989681	-0.003386	-0.143246	0.000037	0.999727	-0.023369	0.143286	0.023123	0.989411
77918323	-0.9188	-11.0565	-177.6364	0.989125	-0.002046	-0.147064	-0.001029	0.999782	-0.020833	0.147075	0.020757	0.988908
77918451	-1.0324	-11.0639	-178.4631	0.988283	-0.010756	-0.152250	0.007621	0.999747	-0.021158	0.152439	0.019749	0.988115
77918576	-1.1652	-11.0776	-179.2923	0.987746	-0.009969	-0.155751	0.006261	0.999686	-0.024278	0.155944	0.023005	0.987498
77918700	-1.2961	-11.0844	-180.1215	0.987568	-0.006424	-0.157062	0.002612	0.999697	-0.024471	0.157171	0.023757	0.987286
77918826	-1.4214	-11.0882	-180.9528	0.987502	-0.010444	-0.157262	0.006907	0.999711	-0.023019	0.157457	0.021645	0.987289
77918947	-1.5638	-11.1073	-181.7915	0.986491	-0.013531	-0.163255	0.009451	0.999624	-0.025743	0.163542	0.023853	0.986248
77919074	-1.7050	-11.1247	-182.6317	0.985369	-0.012874	-0.169949	0.006687	0.999296	-0.036927	0.170305	0.035250	0.984761
77919196	-1.8443	-11.1540	-183.4692	0.985362	0.003914	-0.170432	-0.010280	0.999281	-0.036485	0.170166	0.037703	0.984694
77919322	-1.9955	-11.1747	-184.3123	0.984918	0.002044	-0.173009	-0.007682	0.999461	-0.031925	0.172850	0.032772	0.984403
77919452	-2.1520	-11.1981	-185.1583	0.984566	-0.004838	-0.174948	-0.000454	0.999544	-0.030195	0.175014	0.029809	0.984115
77919588	-2.3002	-11.2100	-186.0011	0.984028	-0.007697	-0.177846	0.003702	0.999734	-0.022782	0.177974	0.021760	0.983795
77919701	-2.4571	-11.2196	-186.8542	0.983341	-0.001326	-0.181767	-0.002554	0.999774	-0.021111	0.181754	0.021224	0.983115
77919826	-2.6211	-11.2387	-187.7117	0.983089	0.003354	-0.183100	-0.007027	0.999787	-0.019417	0.182996	0.020375	0.982902
77919951	-2.7903	-11.2597	-188.5680	0.981374	0.011585	-0.191758	-0.017172	0.999474	-0.027500	0.191339	0.030281	0.981057
77920074	-2.9594	-11.2767	-189.4324	0.980717	0.013441	-0.194973	-0.020160	0.999268	-0.032518	0.194393	0.035822	0.980269
77920200	-3.1287	-11.3025	-190.2966	0.980215	0.017678	-0.197142	-0.024388	0.999201	-0.031659	0.196425	0.035840	0.979864
77920325	-3.3034	-11.3230	-191.1740	0.979993	0.013138	-0.198600	-0.020765	0.999123	-0.036373	0.197948	0.039769	0.979405
77920455	-3.4820	-11.3401	-192.0433	0.979887	0.008892	-0.199353	-0.014501	0.999539	-0.026690	0.199023	0.029044	0.979564
77920579	-3.6540	-11.3594	-192.9181	0.979854	0.004170	-0.199670	-0.009503	0.999623	-0.025758	0.199488	0.027137	0.979525
77920708	-3.8244	-11.3718	-193.7990	0.980121	0.000753	-0.198398	-0.003258	0.999919	-0.012301	0.198373	0.012703	0.980044
77920825	-4.0028	-11.3922	-194.6791	0.979540	-0.001633	-0.201241	-0.002092	0.999830	-0.018296	0.201237	0.018343	0.979371
77920949	-4.1837	-11.3992	-195.5563	0.978701	0.000461	-0.205292	-0.003557	0.999885	-0.014712	0.205261	0.015129	0.978590
77921077	-4.3581	-11.4048	-196.4451	0.979457	0.000193	-0.201651	-0.002105	0.999955	-0.009266	0.201640	0.009500	0.979414
77921204	-4.5399	-11.4174	-197.3415	0.978921	-0.005373	-0.204169	0.003420	0.999945	-0.009914	0.204211	0.009007	0.978885
77921325	-4.7208	-11.4300	-198.2411	0.979123	-0.005048	-0.203208	0.001870	0.999873	-0.015828	0.203262	0.015118	0.979008
77921455	-4.9013	-11.4507	-199.1381	0.978748	-0.001890	-0.205060	-0.003451	0.999664	-0.025682	0.205040	0.025843	0.978412
77921587	-5.0782	-11.4674	-200.0363	0.978910	-0.007130	-0.204166	0.002600	0.999745	-0.022449	0.204274	0.021445	0.978679
77921701	-5.2584	-11.4900	-200.9344	0.978508	-0.013114	-0.205793	0.007753	0.999610	-0.026840	0.206064	0.024667	0.978227
77921825	-5.4429	-11.5050	-201.8425	0.978243	-0.011571	-0.207141	0.006361	0.999647	-0.025799	0.207367	0.023920	0.977971
77921954	-5.6251	-11.5206	-202.7452	0.978123	-0.012959	-0.207624	0.007110	0.999557	-0.028896	0.207907	0.026788	0.977782
77922079	-5.8049	-11.5337	-203.6522	0.978487	-0.020635	-0.205275	0.016344	0.999612	-0.022577	0.205661	0.018736	0.978444
77922201	-5.9915	-11.5544	-204.5598	0.978024	-0.029098	-0.206450	0.024283	0.999372	-0.025821	0.207071	0.020240	0.978116
77922327	-6.1763	-11.5752	-205.4794	0.977861	-0.029811	-0.207123	0.023913	0.999236	-0.030920	0.207886	0.025282	0.977826
77922459	-6.3601	-11.5959	-206.3927	0.977801	-0.027961	-0.207662	0.021081	0.999155	-0.035273	0.208473	0.030112	0.977565
77922578	-6.5483	-11.6052	-207.3055	0.978015	-0.030334	-0.206318	0.025532	0.999338	-0.025899	0.206967	0.020062	0.978142
77922703	-6.7439	-11.6267	-208.2176	0.977550	-0.029823	-0.208583	0.025734	0.999420	-0.022291	0.209127	0.016423	0.977751
77922828	-6.9445	-11.6420	-209.1363	0.977756	-0.017650	-0.209003	0.013554	0.999687	-0.021012	0.209309	0.017711	0.977689
77922951	-7.1221	-11.6488	-210.0633	0.978303	-0.027541	-0.205339	0.023856	0.999507	-0.020401	0.205799	0.015060	0.978478
77923078	-7.3143	-11.6552	-210.9817	0.977462	-0.029907	-0.208984	0.026235	0.999449	-0.020320	0.209477	0.014379	0.977708
77923201	-7.5091	-11.6682	-211.9073	0.977633	-0.032359	-0.207813	0.028524	0.999363	-0.021425	0.208374	0.015018	0.977934
77923326	-7.6964	-11.6838	-212.8371	0.977057	-0.032884	-0.210423	0.027709	0.999238	-0.027497	0.211166	0.021036	0.977224
77923455	-7.8919	-11.6909	-213.7615	0.977095	-0.030579	-0.210593	0.026298	0.999387	-0.023099	0.211170	0.017031	0.977301
77923584	-8.0883	-11.7122	-214.6852	0.976938	-0.030448	-0.211342	0.025342	0.999319	-0.026824	0.212015	0.020849	0.977044
77923703	-8.2816	-11.7339	-215.6101	0.976675	-0.034997	-0.211851	0.030019	0.999193	-0.026669	0.212614	0.019687	0.976938
77923829	-8.4831	-11.7502	-216.5426	0.976906	-0.034552	-0.210856	0.029377	0.999187	-0.027626	0.211639	0.020794	0.977127
77923955	-8.6866	-11.7749	-217.4676	0.976912	-0.029022	-0.211663	0.023206	0.999283	-0.029909	0.212379	0.024306	0.976885
77924082	-8.8828	-11.7944	-218.3985	0.976989	-0.029388	-0.211255	0.023120	0.999218	-0.032081	0.212033	0.026458	0.976904
77924204	-9.0813	-11.8162	-219.3277	0.976427	-0.027882	-0.214040	0.021041	0.999194	-0.034172	0.214820	0.028862	0.976227
77924328	-9.2733	-11.8341	-220.2576	0.976369	-0.033284	-0.213531	0.026499	0.999051	-0.034560	0.214479	0.028085	0.976325
77924460	-9.4801	-11.8510	-221.1869	0.976319	-0.028308	-0.214475	0.022685	0.999333	-0.028632	0.215142	0.023089	0.976310
77924579	-9.6810	-11.8716	-222.1216	0.976111	-0.029016	-0.215326	0.022564	0.999221	-0.032364	0.216098	0.026732	0.976006
77924711	-9.8790	-11.8914	-223.0585	0.975706	-0.031003	-0.216879	0.023865	0.999086	-0.035454	0.217780	0.029416	0.975555
77924830	-10.0739	-11.9004	-223.9882	0.976387	-0.031383	-0.213737	0.024558	0.999102	-0.034513	0.214628	0.028449	0.976281
77924958	-10.2755	-11.9054	-224.9273	0.977343	-0.027868	-0.209819	0.024110	0.999500	-0.020447	0.210284	0.014925	0.977526
77925078	-10.4797	-11.9296	-225.8674	0.976400	-0.029996	-0.213878	0.024355	0.999284	-0.028965	0.214594	0.023072	0.976431
77925201	-10.6832	-11.9560	-226.8091	0.976711	-0.020193	-0.213606	0.013020	0.999305	-0.034937	0.214163	0.031342	0.976295
77925324	-10.8843	-11.9753	-227.7535	0.977290	-0.023669	-0.210579	0.017828	0.999403	-0.029593	0.211154	0.025167	0.977129
77925451	-11.0846	-11.9908	-228.6946	0.977302	-0.019019	-0.210996	0.012068	0.999343	-0.034183	0.211508	0.030860	0.976889
77925578	-11.2811	-12.0063	-229.6435	0.976764	-0.023888	-0.212980	0.015974	0.999119	-0.038803	0.213720	0.034499	0.976286
77925701	-11.4800	-12.0193	-230.5882	0.977202	-0.020259	-0.211345	0.013906	0.999407	-0.031502	0.211858	0.027844	0.976904
77925830	-11.6755	-12.0322	-231.5317	0.977035	-0.023549	-0.211772	0.017341	0.999365	-0.031126	0.212371	0.026739	0.976823
77925955	-11.8731	-12.0442	-232.4720	0.976506	-0.024503	-0.214091	0.019222	0.999458	-0.026714	0.214629	0.021971	0.976448
77926078	-12.0759	-12.0527	-233.4167	0.976800	-0.022430	-0.212976	0.017858	0.999567	-0.023369	0.213408	0.019024	0.976778
77926199	-12.2730	-12.0604	-234.3628	0.976847	-0.026511	-0.212291	0.022602	0.999528	-0.020817	0.212742	0.015537	0.976985
77926323	-12.4761	-12.0672	-235.3096	0.977019	-0.024163	-0.211779	0.020249	0.999582	-0.020631	0.212189	0.015869	0.977100
77926456	-12.6702	-12.0740	-236.2568	0.976811	-0.027485	-0.212330	0.023444	0.999493	-0.021523	0.212814	0.016046	0.976961
77926579	-12.8693	-12.0761	-237.1999	0.976539	-0.032435	-0.212884	0.028608	0.999369	-0.021032	0.213432	0.014449	0.976851
77926706	-13.0674	-12.0819	-238.1435	0.976798	-0.033343	-0.211552	0.029879	0.999362	-0.019553	0.212069	0.012779	0.977171
77926826	-13.2639	-12.0840	-239.0865	0.976920	-0.029273	-0.211590	0.026464	0.999520	-0.016092	0.211960	0.010121	0.977226
77926953	-13.4679	-12.0900	-240.0293	0.976516	-0.035152	-0.212560	0.032698	0.999352	-0.015052	0.212951	0.007748	0.977032
77927075	-13.6701	-12.1009	-240.9672	0.976568	-0.031104	-0.212949	0.028061	0.999456	-0.017301	0.213371	0.010920	0.976910
77927198	-13.8721	-12.1055	-241.9111	0.976362	-0.029125	-0.214171	0.025903	0.999505	-0.017833	0.214584	0.011864	0.976633
77927327	-14.0838	-12.1182	-242.8535	0.976503	-0.020866	-0.214491	0.016814	0.999644	-0.020698	0.214847	0.016605	0.976507
77927454	-14.2943	-12.1211	-243.8013	0.976460	-0.019410	-0.214824	0.015792	0.999703	-0.018542	0.215120	0.014713	0.976477
77927578	-14.5042	-12.1322	-244.7441	0.976461	-0.018370	-0.214911	0.013530	0.999621	-0.023971	0.215270	0.020499	0.976340
77927703	-14.7148	-12.1469	-245.6829	0.976419	-0.017423	-0.215182	0.012614	0.999639	-0.023705	0.215517	0.020431	0.976286
77927826	-14.9160	-12.1620	-246.6302	0.976452	-0.017501	-0.215022	0.014098	0.999750	-0.017352	0.215272	0.013912	0.976455
77927958	-15.1213	-12.1697	-247.5806	0.976476	-0.017137	-0.214944	0.013710	0.999754	-0.017424	0.215190	0.014067	0.976471
77928076	-15.3298	-12.1809	-248.5414	0.976653	-0.014234	-0.214350	0.010486	0.999772	-0.018614	0.214566	0.015931	0.976580
77928202	-15.5324	-12.1907	-249.5039	0.976321	-0.018201	-0.215560	0.013689	0.999655	-0.022404	0.215894	0.018923	0.976233
77928324	-15.7351	-12.2003	-250.4638	0.976286	-0.023972	-0.215152	0.018841	0.999488	-0.025868	0.215662	0.021201	0.976238
77928457	-15.9462	-12.2105	-251.4168	0.976480	-0.019682	-0.214706	0.015534	0.999659	-0.020987	0.215046	0.017159	0.976453
77928578	-16.1463	-12.2194	-252.3756	0.976958	-0.018198	-0.212656	0.013975	0.999674	-0.021346	0.212976	0.017882	0.976894
77928709	-16.3549	-12.2259	-253.3298	0.975873	-0.031373	-0.216074	0.028213	0.999445	-0.017694	0.216510	0.011171	0.976217
77928829	-16.5638	-12.2512	-254.2790	0.975983	-0.019908	-0.216937	0.014643	0.999559	-0.025849	0.217355	0.022052	0.975843
77928954	-16.7647	-12.2553	-255.2338	0.976539	-0.014707	-0.214839	0.009548	0.999641	-0.025032	0.215130	0.022394	0.976329
77929073	-16.9679	-12.2689	-256.1853	0.975443	-0.022191	-0.219130	0.017853	0.999604	-0.021756	0.219526	0.017310	0.975453
77929200	-17.1742	-12.2771	-257.1366	0.975860	-0.019450	-0.217531	0.015684	0.999696	-0.019025	0.217835	0.015154	0.975868
77929326	-17.3838	-12.2780	-258.0902	0.974381	-0.019471	-0.224061	0.017280	0.999782	-0.011737	0.224241	0.007565	0.974504
77929454	-17.5786	-12.2840	-259.0495	0.975523	-0.021034	-0.218888	0.017931	0.999709	-0.016155	0.219164	0.011834	0.975616
77929583	-17.7944	-12.2891	-259.9962	0.975272	-0.019799	-0.220117	0.015967	0.999689	-0.019175	0.220429	0.015186	0.975285
77929703	-18.0030	-12.3006	-260.9483	0.974926	-0.016500	-0.221918	0.011874	0.999684	-0.022164	0.222214	0.018973	0.974813
77929824	-18.2026	-12.2943	-261.9040	0.974706	-0.020968	-0.222504	0.015996	0.999581	-0.024125	0.222917	0.019955	0.974633
77929948	-18.4196	-12.2962	-262.8623	0.975021	-0.022233	-0.220999	0.018027	0.999616	-0.021030	0.221382	0.016520	0.975047
77930076	-18.6278	-12.3015	-263.8211	0.975827	-0.021813	-0.217452	0.019088	0.999711	-0.014625	0.217708	0.010120	0.975962
77930204	-18.8195	-12.3018	-264.7736	0.975694	-0.030372	-0.217022	0.028221	0.999517	-0.013004	0.217313	0.006564	0.976080
77930325	-19.0314	-12.3010	-265.7176	0.976310	-0.024301	-0.215009	0.024063	0.999703	-0.003727	0.215035	-0.001535	0.976605
77930456	-19.2300	-12.3021	-266.6619	0.975880	-0.032115	-0.215931	0.033177	0.999449	0.001292	0.215770	-0.008424	0.976408
77930580	-19.4219	-12.2959	-267.6223	0.975526	-0.038925	-0.216410	0.038761	0.999236	-0.005005	0.216439	-0.003506	0.976290
77930706	-19.6327	-12.2828	-268.5755	0.976716	-0.025137	-0.213058	0.025137	0.999680	-0.002710	0.213058	-0.002708	0.977036
77930821	-19.8361	-12.2781	-269.5298	0.976449	-0.023509	-0.214464	0.023553	0.999720	-0.002351	0.214459	-0.002756	0.976729
77930956	-20.0425	-12.2899	-270.4714	0.975148	-0.026268	-0.219992	0.023564	0.999611	-0.014908	0.220298	0.009354	0.975388
77931075	-20.2403	-12.2939	-271.4180	0.976229	-0.028054	-0.214920	0.026041	0.999586	-0.012196	0.215173	0.006310	0.976556
77931199	-20.4619	-12.2928	-272.3627	0.974966	-0.022848	-0.221176	0.020731	0.999714	-0.011888	0.221385	0.007005	0.975161
77931323	-20.6505	-12.2934	-273.3120	0.975259	-0.027275	-0.219374	0.025655	0.999619	-0.010231	0.219570	0.004350	0.975587
77931454	-20.8525	-12.2812	-274.2554	0.975367	-0.023051	-0.219381	0.021686	0.999728	-0.008628	0.219520	0.003658	0.975601
77931583	-21.0576	-12.2716	-275.1967	0.974578	-0.024563	-0.222696	0.024026	0.999698	-0.005122	0.222755	-0.000358	0.974874
77931699	-21.2700	-12.2660	-276.1408	0.975652	-0.020254	-0.218388	0.019866	0.999795	-0.003972	0.218423	-0.000463	0.975854
77931826	-21.4811	-12.2660	-277.0829	0.974815	-0.021496	-0.221975	0.019001	0.999730	-0.013367	0.222202	0.008812	0.974961
77931953	-21.6861	-12.2590	-278.0306	0.974703	-0.029834	-0.221506	0.026963	0.999509	-0.015973	0.221874	0.009597	0.975028
77932077	-21.9051	-12.2538	-278.9675	0.974987	-0.021850	-0.221184	0.019798	0.999738	-0.011489	0.221377	0.006823	0.975165
77932200	-22.1137	-12.2512	-279.9110	0.975138	-0.023141	-0.220386	0.021628	0.999723	-0.009276	0.220540	0.004278	0.975369
77932325	-22.3203	-12.2487	-280.8600	0.975094	-0.025593	-0.220312	0.023401	0.999647	-0.012550	0.220556	0.007082	0.975349
77932453	-22.5355	-12.2547	-281.8034	0.975338	-0.022911	-0.219523	0.020385	0.999697	-0.013766	0.219772	0.008951	0.975510
77932576	-22.7488	-12.2616	-282.7487	0.975164	-0.021128	-0.220476	0.017743	0.999693	-0.017323	0.220774	0.012981	0.975239
77932705	-22.9524	-12.2793	-283.6985	0.974896	-0.022741	-0.221498	0.018421	0.999598	-0.021546	0.221899	0.016925	0.974923
77932825	-23.1524	-12.2846	-284.6468	0.975583	-0.025868	-0.218104	0.020753	0.999454	-0.025711	0.218650	0.020557	0.975587
77932954	-23.3538	-12.2977	-285.5989	0.975233	-0.033569	-0.218617	0.029840	0.999348	-0.020338	0.219157	0.013310	0.975599
77933080	-23.5581	-12.3191	-286.5432	0.975212	-0.027585	-0.219547	0.022682	0.999435	-0.024822	0.220107	0.019227	0.975286
77933201	-23.7583	-12.3359	-287.4985	0.974892	-0.030277	-0.220612	0.024834	0.999316	-0.027405	0.221291	0.021238	0.974976
77933324	-23.9657	-12.3497	-288.4546	0.974732	-0.033760	-0.220813	0.028342	0.999216	-0.027658	0.221574	0.020701	0.974924
77933453	-24.1703	-12.3651	-289.4071	0.975944	-0.040975	-0.214138	0.035882	0.998974	-0.027622	0.215051	0.019274	0.976413
77933580	-24.3719	-12.3748	-290.3444	0.974707	-0.038331	-0.220173	0.034122	0.999155	-0.022891	0.220865	0.014799	0.975192
77933701	-24.5629	-12.4034	-291.3054	0.975361	-0.047870	-0.215357	0.042261	0.998639	-0.030575	0.216528	0.020721	0.976057
77933826	-24.7748	-12.4108	-292.2570	0.974543	-0.045736	-0.219486	0.038604	0.998581	-0.036678	0.220852	0.027271	0.974926
77933952	-24.9713	-12.4266	-293.2008	0.974149	-0.049522	-0.220414	0.042903	0.998476	-0.034719	0.221797	0.024365	0.974788
77934077	-25.1747	-12.4415	-294.1474	0.974436	-0.052582	-0.218425	0.046969	0.998421	-0.030812	0.219701	0.019766	0.975367
77934198	-25.3897	-12.4469	-295.0797	0.973589	-0.056006	-0.221330	0.051127	0.998307	-0.027718	0.222508	0.015670	0.974805
77934322	-25.5922	-12.4650	-296.0434	0.974870	-0.045642	-0.218047	0.039715	0.998715	-0.031492	0.219204	0.022041	0.975430
77934447	-25.8101	-12.4776	-296.9849	0.974703	-0.043885	-0.219154	0.036458	0.998619	-0.037822	0.220512	0.028875	0.974957
77934574	-26.0203	-12.4902	-297.9388	0.974656	-0.041929	-0.219747	0.035062	0.998770	-0.035059	0.220946	0.026466	0.974927
77934705	-26.2308	-12.5117	-298.8890	0.975227	-0.036413	-0.218190	0.026851	0.998551	-0.046634	0.219572	0.039620	0.974791
77934823	-26.4275	-12.5449	-299.8430	0.977161	-0.027050	-0.210771	0.015848	0.998380	-0.054654	0.211908	0.050065	0.976006
77934949	-26.6238	-12.5854	-300.8058	0.977807	-0.032399	-0.206987	0.019182	0.997665	-0.065550	0.208628	0.060125	0.976145
77935076	-26.8170	-12.6132	-301.7768	0.978915	-0.030062	-0.202044	0.019612	0.998374	-0.053524	0.203325	0.048433	0.977913
77935197	-27.0183	-12.6278	-302.7413	0.977758	-0.032535	-0.207199	0.023494	0.998668	-0.045947	0.208417	0.040057	0.977219
77935319	-27.2199	-12.6651	-303.6951	0.977865	-0.031582	-0.206840	0.022407	0.998665	-0.046552	0.208034	0.040887	0.977267
77935452	-27.4064	-12.7053	-304.6656	0.978113	-0.024146	-0.206667	0.014076	0.998647	-0.050059	0.207596	0.046054	0.977130
77935572	-27.6103	-12.7427	-305.6314	0.978791	-0.005900	-0.204778	-0.004957	0.998610	-0.052470	0.204803	0.052372	0.977401
77935699	-27.8089	-12.7755	-306.5997	0.978724	-0.014208	-0.204687	0.006001	0.999155	-0.040662	0.205091	0.038569	0.977983
77935822	-28.0137	-12.7919	-307.5575	0.978571	-0.026603	-0.204185	0.022141	0.999464	-0.024103	0.204716	0.019066	0.978636
77935949	-28.2160	-12.8031	-308.5118	0.976003	-0.032964	-0.215247	0.028835	0.999336	-0.022293	0.215839	0.015552	0.976305
77936080	-28.4266	-12.8286	-309.4693	0.975912	-0.037156	-0.214975	0.030737	0.998978	-0.033128	0.215987	0.025722	0.976057
77936197	-28.6285	-12.8451	-310.4262	0.976642	-0.035918	-0.211849	0.027138	0.998654	-0.044205	0.213152	0.037423	0.976302
77936324	-28.8357	-12.8779	-311.3849	0.976766	-0.022042	-0.213173	0.012616	0.998886	-0.045481	0.213938	0.041735	0.975955
77936451	-29.0358	-12.8846	-312.3398	0.977537	-0.019718	-0.209839	0.013294	0.999400	-0.031978	0.210344	0.028470	0.977213
77936572	-29.2337	-12.9005	-313.2910	0.977488	-0.023278	-0.209705	0.018023	0.999475	-0.026934	0.210222	0.022548	0.977394
77936704	-29.4252	-12.9047	-314.2437	0.978242	-0.021234	-0.206377	0.019249	0.999747	-0.011617	0.206571	0.007392	0.978404
77936825	-29.6060	-12.9058	-315.1769	0.977382	-0.039761	-0.207712	0.039114	0.999209	-0.007222	0.207835	-0.001066	0.978163
77936945	-29.8135	-12.8997	-316.1117	0.976247	-0.044176	-0.212109	0.044417	0.999006	-0.003629	0.212058	-0.005879	0.977239
77937070	-30.0210	-12.9098	-317.0565	0.974701	-0.044949	-0.218946	0.039826	0.998821	-0.027755	0.219936	0.018333	0.975342
77937193	-30.2131	-12.9497	-318.0242	0.976264	-0.012345	-0.216231	0.002371	0.998923	-0.046329	0.216570	0.044717	0.975242
77937317	-30.4073	-12.9504	-318.9355	0.977254	0.008393	-0.211907	-0.015691	0.999339	-0.032781	0.211492	0.035360	0.976740
77937450	-30.5980	-12.9460	-319.8409	0.977354	0.001079	-0.211607	-0.002086	0.999988	-0.004533	0.211599	0.004872	0.977344
77937577	-30.7984	-12.9380	-320.7966	0.976843	-0.009862	-0.213728	0.010074	0.999949	-0.000098	0.213718	-0.002057	0.976893
77937699	-30.9922	-12.9171	-321.7420	0.975724	-0.039379	-0.215434	0.039715	0.999207	-0.002771	0.215373	-0.005852	0.976514
77937821	-31.2012	-12.9179	-322.6644	0.976456	-0.019996	-0.214786	0.017956	0.999773	-0.011448	0.214966	0.007321	0.976594
77937952	-31.3838	-12.9176	-323.5715	0.976111	-0.021083	-0.216247	0.019410	0.999763	-0.009857	0.216403	0.005425	0.976289
77938071	-31.5935	-12.9282	-324.4994	0.975883	-0.014602	-0.217807	0.012522	0.999862	-0.010926	0.217936	0.007935	0.975931
77938196	-31.7976	-12.9489	-325.4309	0.976705	-0.013449	-0.214163	0.007464	0.999559	-0.028732	0.214455	0.026464	0.976375
77938321	-31.9898	-12.9459	-326.3453	0.975420	-0.017141	-0.219686	0.011766	0.999599	-0.025751	0.220040	0.022533	0.975231
77938452	-32.1975	-12.9509	-327.2637	0.975930	-0.017845	-0.217351	0.014734	0.999765	-0.015925	0.217584	0.012339	0.975964
77938571	-32.3967	-12.9602	-328.1888	0.975147	-0.021124	-0.220548	0.015471	0.999507	-0.027327	0.221017	0.023236	0.974993
77938704	-32.5928	-12.9689	-329.1141	0.976765	-0.018646	-0.213500	0.011996	0.999403	-0.032400	0.213977	0.029086	0.976406
77938821	-32.8031	-12.9767	-330.0397	0.975993	-0.006106	-0.217718	-0.000264	0.999573	-0.029215	0.217803	0.028572	0.975574
77938944	-32.9938	-12.9662	-330.9705	0.977481	-0.016272	-0.210393	0.014279	0.999838	-0.010990	0.210538	0.007738	0.977555
77939072	-33.2005	-12.9868	-331.9001	0.975809	-0.009393	-0.218421	0.004465	0.999724	-0.023044	0.218577	0.021511	0.975583
77939197	-33.4119	-13.0096	-332.8279	0.974716	-0.000586	-0.223446	-0.007343	0.999372	-0.034651	0.223326	0.035416	0.974100
77939319	-33.6165	-13.0339	-333.7649	0.975300	-0.000604	-0.220883	-0.008047	0.999235	-0.038264	0.220737	0.039096	0.974549
77939450	-33.8160	-13.0464	-334.6969	0.974249	-0.012417	-0.225134	0.004002	0.999277	-0.037796	0.225441	0.035922	0.973594
77939575	-34.0190	-13.0728	-335.6315	0.974885	-0.015532	-0.222168	0.005801	0.998998	-0.044387	0.222634	0.041983	0.973998
77939695	-34.2236	-13.0903	-336.5733	0.974552	-0.017795	-0.223453	0.007712	0.998916	-0.045916	0.224028	0.043024	0.973633
77939818	-34.4275	-13.1180	-337.5022	0.973983	-0.024522	-0.225288	0.012737	0.998480	-0.053615	0.226261	0.049351	0.972816
