META	HEADER	GNSS location/orientation script
META	VERSION	1.0.1
META	FORMAT	ASCII
META	CONTENT	DEFAULT
META	TIMESTAMPS	UPTIME
META	END
Uptime	Origin_X	Origin_Y	Origin_Z	Basis_XX	Basis_XY	Basis_XZ	Basis_YX	Basis_YY	Basis_YZ	Basis_ZX	Basis_ZY	Basis_ZZ
4297588	-19.8637	-7.9084	-13.0354	-0.225216	0.020092	0.974102	0.018598	0.999694	-0.016320	-0.974131	0.014441	-0.225521
4297711	-19.8634	-7.9073	-13.0355	-0.225233	0.020662	0.974086	0.018561	0.999685	-0.016913	-0.974128	0.014271	-0.225546
4297843	-19.8630	-7.9066	-13.0362	-0.225301	0.018334	0.974117	0.018737	0.999720	-0.014482	-0.974109	0.014989	-0.225582
4297960	-19.8631	-7.9060	-13.0366	-0.225176	0.019375	0.974125	0.018665	0.999705	-0.015569	-0.974139	0.014676	-0.225472
4298090	-19.8631	-7.9067	-13.0354	-0.225308	0.020698	0.974068	0.019197	0.999675	-0.016802	-0.974099	0.014913	-0.225632
4298214	-19.8635	-7.9104	-13.0354	-0.225505	0.021308	0.974009	0.020241	0.999647	-0.017183	-0.974032	0.015840	-0.225857
4298338	-19.8638	-7.9119	-13.0350	-0.225279	0.022284	0.974039	0.020274	0.999629	-0.018181	-0.974083	0.015652	-0.225648
4298463	-19.8639	-7.9119	-13.0346	-0.225458	0.022640	0.973990	0.019592	0.999633	-0.018701	-0.974056	0.014866	-0.225818
4298591	-19.8637	-7.9111	-13.0347	-0.225360	0.020835	0.974053	0.018789	0.999678	-0.017036	-0.974094	0.014463	-0.225679
4298710	-19.8642	-7.9103	-13.0347	-0.225351	0.020759	0.974056	0.018823	0.999679	-0.016950	-0.974096	0.014515	-0.225669
4298839	-19.8638	-7.9103	-13.0353	-0.225372	0.020843	0.974050	0.019323	0.999670	-0.016920	-0.974081	0.015009	-0.225700
4298960	-19.8643	-7.9083	-13.0353	-0.225388	0.021251	0.974037	0.018979	0.999668	-0.017419	-0.974084	0.014560	-0.225717
4299093	-19.8640	-7.9094	-13.0349	-0.225260	0.022581	0.974037	0.019110	0.999641	-0.018755	-0.974111	0.014389	-0.225611
4299213	-19.8646	-7.9125	-13.0344	-0.225442	0.020661	0.974037	0.019770	0.999666	-0.016629	-0.974056	0.015508	-0.225776
4299337	-19.8647	-7.9116	-13.0347	-0.225449	0.020894	0.974031	0.019871	0.999661	-0.016844	-0.974052	0.015558	-0.225787
4299465	-19.8644	-7.9139	-13.0338	-0.225502	0.022048	0.973993	0.020339	0.999633	-0.017919	-0.974030	0.015769	-0.225868
4299587	-19.8648	-7.9139	-13.0341	-0.225202	0.021082	0.974084	0.019839	0.999658	-0.017048	-0.974110	0.015485	-0.225543
4299711	-19.8646	-7.9136	-13.0338	-0.225600	0.021982	0.973972	0.020230	0.999636	-0.017876	-0.974010	0.015670	-0.225962
4299840	-19.8645	-7.9138	-13.0340	-0.225229	0.020597	0.974088	0.019913	0.999665	-0.016533	-0.974102	0.015673	-0.225564
4299962	-19.8646	-7.9140	-13.0339	-0.225563	0.020654	0.974010	0.020027	0.999662	-0.016560	-0.974023	0.015771	-0.225901
4300089	-19.8649	-7.9146	-13.0336	-0.225544	0.020331	0.974021	0.019704	0.999673	-0.016304	-0.974034	0.015514	-0.225871
4300216	-19.8648	-7.9138	-13.0336	-0.225419	0.020830	0.974039	0.019946	0.999661	-0.016762	-0.974058	0.015650	-0.225758
4300337	-19.8647	-7.9154	-13.0335	-0.225403	0.021684	0.974024	0.020210	0.999641	-0.017577	-0.974056	0.015723	-0.225760
4300465	-19.8652	-7.9145	-13.0340	-0.225183	0.019965	0.974112	0.019101	0.999688	-0.016074	-0.974129	0.014987	-0.225495
4300589	-19.8646	-7.9161	-13.0339	-0.225145	0.020417	0.974111	0.019427	0.999676	-0.016462	-0.974132	0.015218	-0.225468
4300710	-19.8646	-7.9161	-13.0334	-0.225102	0.020161	0.974126	0.019068	0.999686	-0.016284	-0.974148	0.014909	-0.225416
4300838	-19.8645	-7.9169	-13.0334	-0.225084	0.021493	0.974102	0.018879	0.999665	-0.017694	-0.974156	0.014408	-0.225414
4300963	-19.8646	-7.9159	-13.0331	-0.225229	0.021183	0.974075	0.019255	0.999665	-0.017287	-0.974115	0.014862	-0.225562
4301088	-19.8646	-7.9153	-13.0339	-0.225101	0.020581	0.974118	0.018886	0.999681	-0.016757	-0.974152	0.014626	-0.225418
4301214	-19.8648	-7.9161	-13.0334	-0.225074	0.019855	0.974139	0.018954	0.999692	-0.015996	-0.974157	0.014864	-0.225381
4301338	-19.8648	-7.9154	-13.0337	-0.225076	0.021485	0.974104	0.018951	0.999664	-0.017669	-0.974157	0.014484	-0.225407
4301463	-19.8645	-7.9144	-13.0337	-0.225232	0.021429	0.974069	0.018897	0.999666	-0.017623	-0.974122	0.014438	-0.225562
4301588	-19.8647	-7.9140	-13.0340	-0.225132	0.020715	0.974108	0.018711	0.999682	-0.016934	-0.974149	0.014414	-0.225448
4301706	-19.8643	-7.9106	-13.0345	-0.225294	0.020644	0.974072	0.018747	0.999682	-0.016851	-0.974110	0.014464	-0.225610
4301842	-19.8642	-7.9107	-13.0345	-0.225223	0.021303	0.974074	0.018916	0.999668	-0.017489	-0.974124	0.014486	-0.225551
4301963	-19.8644	-7.9088	-13.0350	-0.225183	0.020658	0.974097	0.018909	0.999680	-0.016830	-0.974133	0.014630	-0.225502
4302089	-19.8647	-7.9084	-13.0353	-0.225170	0.020886	0.974096	0.018774	0.999678	-0.017095	-0.974139	0.014438	-0.225490
4302217	-19.8645	-7.9073	-13.0357	-0.224941	0.021072	0.974145	0.018741	0.999675	-0.017297	-0.974192	0.014365	-0.225263
4302338	-19.8647	-7.9074	-13.0354	-0.225051	0.021746	0.974104	0.019098	0.999657	-0.017904	-0.974160	0.014574	-0.225389
4302462	-19.8644	-7.9060	-13.0350	-0.225063	0.020042	0.974138	0.018397	0.999698	-0.016317	-0.974171	0.014249	-0.225363
4302584	-19.8648	-7.9089	-13.0342	-0.225366	0.021378	0.974040	0.019561	0.999657	-0.017414	-0.974078	0.015128	-0.225707
4302713	-19.8648	-7.9083	-13.0339	-0.225322	0.020781	0.974063	0.019561	0.999667	-0.016802	-0.974088	0.015268	-0.225654
4302843	-19.8647	-7.9084	-13.0345	-0.225356	0.020649	0.974058	0.019397	0.999672	-0.016704	-0.974083	0.015130	-0.225683
4302964	-19.8646	-7.9070	-13.0343	-0.225229	0.020954	0.974081	0.019648	0.999663	-0.016961	-0.974108	0.015319	-0.225565
4303095	-19.8648	-7.9063	-13.0343	-0.225316	0.020651	0.974067	0.019327	0.999673	-0.016723	-0.974094	0.015058	-0.225641
4303212	-19.8648	-7.9113	-13.0343	-0.225113	0.021115	0.974104	0.020398	0.999648	-0.016955	-0.974119	0.016053	-0.225464
4303335	-19.8646	-7.9101	-13.0349	-0.225303	0.020643	0.974070	0.020643	0.999652	-0.016410	-0.974070	0.016410	-0.225650
4303459	-19.8645	-7.9095	-13.0349	-0.224992	0.020045	0.974154	0.018699	0.999693	-0.016252	-0.974181	0.014559	-0.225298
4303586	-19.8644	-7.9080	-13.0348	-0.225054	0.020325	0.974134	0.018439	0.999692	-0.016598	-0.974172	0.014227	-0.225360
4303711	-19.8644	-7.9090	-13.0348	-0.224858	0.020637	0.974173	0.018250	0.999690	-0.016965	-0.974221	0.013964	-0.225164
4303843	-19.8639	-7.9069	-13.0349	-0.224809	0.019789	0.974202	0.018172	0.999705	-0.016114	-0.974233	0.014080	-0.225103
4303962	-19.8642	-7.9072	-13.0346	-0.225062	0.019845	0.974142	0.018563	0.999698	-0.016077	-0.974168	0.014465	-0.225362
4304088	-19.8642	-7.9078	-13.0345	-0.224940	0.019781	0.974172	0.018547	0.999700	-0.016016	-0.974196	0.014466	-0.225239
4304216	-19.8640	-7.9068	-13.0343	-0.224883	0.017971	0.974220	0.018070	0.999735	-0.014270	-0.974218	0.014395	-0.225148
4304337	-19.8640	-7.9057	-13.0346	-0.224985	0.019309	0.974171	0.018370	0.999710	-0.015573	-0.974189	0.014392	-0.225274
4304464	-19.8640	-7.9061	-13.0342	-0.224802	0.018217	0.974234	0.018192	0.999729	-0.014496	-0.974235	0.014464	-0.225073
4304586	-19.8637	-7.9081	-13.0348	-0.224957	0.018638	0.974190	0.018868	0.999713	-0.014769	-0.974186	0.015059	-0.225244
4304711	-19.8640	-7.9092	-13.0346	-0.224902	0.019961	0.974177	0.019073	0.999689	-0.016081	-0.974195	0.014964	-0.225213
4304841	-19.8634	-7.9087	-13.0347	-0.224808	0.020820	0.974181	0.019122	0.999673	-0.016952	-0.974216	0.014818	-0.225132
4304963	-19.8636	-7.9086	-13.0347	-0.224904	0.020208	0.974171	0.018945	0.999687	-0.016363	-0.974197	0.014775	-0.225217
4305089	-19.8631	-7.9083	-13.0348	-0.224923	0.019951	0.974172	0.018909	0.999691	-0.016108	-0.974193	0.014797	-0.225231
4305221	-19.8635	-7.9082	-13.0346	-0.224772	0.020278	0.974200	0.019094	0.999683	-0.016403	-0.974224	0.014914	-0.225088
4305335	-19.8637	-7.9111	-13.0344	-0.224901	0.021170	0.974152	0.019368	0.999664	-0.017253	-0.974189	0.014987	-0.225235
4305464	-19.8637	-7.9126	-13.0345	-0.224933	0.020751	0.974153	0.019598	0.999667	-0.016769	-0.974177	0.015320	-0.225265
4305588	-19.8637	-7.9123	-13.0343	-0.225172	0.020983	0.974093	0.019514	0.999665	-0.017023	-0.974124	0.015175	-0.225506
4305713	-19.8636	-7.9118	-13.0352	-0.224838	0.019832	0.974194	0.019090	0.999691	-0.015946	-0.974209	0.015012	-0.225147
4305842	-19.8636	-7.9132	-13.0347	-0.225073	0.020198	0.974133	0.019545	0.999678	-0.016212	-0.974146	0.015391	-0.225395
4305965	-19.8631	-7.9118	-13.0351	-0.224901	0.021480	0.974145	0.019109	0.999662	-0.017631	-0.974194	0.014650	-0.225236
4306087	-19.8632	-7.9122	-13.0352	-0.225029	0.020564	0.974135	0.019444	0.999673	-0.016612	-0.974158	0.015203	-0.225355
4306216	-19.8636	-7.9132	-13.0348	-0.225032	0.020748	0.974130	0.019480	0.999669	-0.016792	-0.974157	0.015197	-0.225362
4306338	-19.8632	-7.9119	-13.0351	-0.224790	0.022032	0.974158	0.018953	0.999654	-0.018236	-0.974223	0.014364	-0.225130
4306465	-19.8634	-7.9115	-13.0357	-0.224808	0.022449	0.974144	0.018166	0.999657	-0.018845	-0.974234	0.013460	-0.225139
4306587	-19.8632	-7.9115	-13.0360	-0.224789	0.021001	0.974181	0.018213	0.999684	-0.017348	-0.974237	0.013843	-0.225100
4306713	-19.8641	-7.9115	-13.0356	-0.224765	0.021481	0.974176	0.017954	0.999679	-0.017901	-0.974248	0.013467	-0.225079
4306843	-19.8631	-7.9125	-13.0355	-0.224895	0.021362	0.974149	0.018435	0.999674	-0.017666	-0.974209	0.013985	-0.225215
4306961	-19.8633	-7.9135	-13.0353	-0.224726	0.021535	0.974184	0.018056	0.999676	-0.017933	-0.974255	0.013560	-0.225042
4307085	-19.8630	-7.9133	-13.0356	-0.224972	0.021181	0.974135	0.018373	0.999678	-0.017493	-0.974192	0.013962	-0.225289
4307214	-19.8631	-7.9133	-13.0359	-0.224729	0.020625	0.974203	0.018084	0.999692	-0.016993	-0.974253	0.013799	-0.225033
4307342	-19.8631	-7.9132	-13.0361	-0.224700	0.021135	0.974199	0.017988	0.999684	-0.017539	-0.974262	0.013582	-0.225009
4307467	-19.8631	-7.9145	-13.0355	-0.225033	0.021541	0.974113	0.018479	0.999670	-0.017837	-0.974176	0.013986	-0.225356
4307590	-19.8630	-7.9138	-13.0362	-0.224824	0.021055	0.974172	0.018505	0.999678	-0.017336	-0.974224	0.014129	-0.225141
4307711	-19.8633	-7.9125	-13.0368	-0.224574	0.022208	0.974204	0.018388	0.999659	-0.018549	-0.974284	0.013748	-0.224905
4307840	-19.8629	-7.9125	-13.0365	-0.224817	0.022384	0.974144	0.018546	0.999653	-0.018690	-0.974225	0.013865	-0.225154
4307960	-19.8628	-7.9125	-13.0363	-0.224811	0.020340	0.974190	0.018066	0.999697	-0.016703	-0.974235	0.013845	-0.225111
4308098	-19.8626	-7.9118	-13.0368	-0.224870	0.020809	0.974167	0.018520	0.999683	-0.017079	-0.974213	0.014201	-0.225184
4308213	-19.8639	-7.9105	-13.0358	-0.224788	0.021079	0.974180	0.018438	0.999679	-0.017376	-0.974233	0.014056	-0.225104
4308337	-19.8637	-7.9121	-13.0357	-0.224840	0.021843	0.974151	0.018728	0.999661	-0.018093	-0.974216	0.014176	-0.225173
4308464	-19.8643	-7.9107	-13.0355	-0.224815	0.022824	0.974134	0.018482	0.999646	-0.019156	-0.974226	0.013698	-0.225157
4308588	-19.8639	-7.9090	-13.0365	-0.224795	0.022327	0.974150	0.018349	0.999657	-0.018678	-0.974233	0.013676	-0.225128
4308711	-19.8641	-7.9104	-13.0359	-0.224842	0.022268	0.974141	0.018474	0.999657	-0.018588	-0.974220	0.013817	-0.225176
4308841	-19.8639	-7.9087	-13.0370	-0.224851	0.022076	0.974143	0.018572	0.999659	-0.018367	-0.974216	0.013962	-0.225185
4308963	-19.8640	-7.9077	-13.0374	-0.224635	0.022639	0.974180	0.018438	0.999650	-0.018979	-0.974268	0.013699	-0.224974
4309093	-19.8644	-7.9085	-13.0370	-0.224932	0.022453	0.974116	0.018888	0.999647	-0.018681	-0.974191	0.014197	-0.225277
4309213	-19.8645	-7.9102	-13.0354	-0.225024	0.023197	0.974077	0.019172	0.999628	-0.019377	-0.974165	0.014315	-0.225385
4309338	-19.8647	-7.9081	-13.0359	-0.225164	0.021719	0.974079	0.019168	0.999657	-0.017858	-0.974132	0.014650	-0.225503
4309465	-19.8649	-7.9081	-13.0358	-0.224724	0.023603	0.974136	0.018514	0.999630	-0.019950	-0.974246	0.013552	-0.225078
4309588	-19.8648	-7.9080	-13.0357	-0.224776	0.022879	0.974142	0.018541	0.999644	-0.019199	-0.974234	0.013746	-0.225121
4309711	-19.8650	-7.9075	-13.0356	-0.224929	0.021659	0.974134	0.018732	0.999664	-0.017901	-0.974195	0.014221	-0.225259
4309841	-19.8647	-7.9058	-13.0360	-0.224858	0.021919	0.974145	0.018558	0.999662	-0.018210	-0.974215	0.013983	-0.225189
4309963	-19.8650	-7.9055	-13.0359	-0.224817	0.021537	0.974163	0.018498	0.999670	-0.017832	-0.974225	0.014012	-0.225141
4310089	-19.8650	-7.9059	-13.0354	-0.225054	0.022148	0.974095	0.018754	0.999655	-0.018396	-0.974166	0.014128	-0.225391
4310214	-19.8652	-7.9049	-13.0354	-0.224802	0.022028	0.974155	0.018558	0.999660	-0.018322	-0.974228	0.013959	-0.225134
4310338	-19.8654	-7.9038	-13.0361	-0.224660	0.022818	0.974170	0.018222	0.999649	-0.019212	-0.974267	0.013435	-0.224997
4310465	-19.8656	-7.9031	-13.0362	-0.224682	0.021242	0.974201	0.018378	0.999677	-0.017559	-0.974259	0.013958	-0.225000
4310589	-19.8656	-7.9031	-13.0359	-0.224994	0.022270	0.974106	0.018710	0.999653	-0.018533	-0.974180	0.014056	-0.225333
4310707	-19.8658	-7.9025	-13.0364	-0.224738	0.021357	0.974185	0.018339	0.999675	-0.017685	-0.974247	0.013891	-0.225057
4310841	-19.8660	-7.9030	-13.0362	-0.224927	0.021286	0.974143	0.018604	0.999673	-0.017548	-0.974198	0.014176	-0.225249
4310963	-19.8663	-7.9017	-13.0361	-0.224898	0.020759	0.974161	0.018579	0.999683	-0.017013	-0.974205	0.014272	-0.225213
4311090	-19.8668	-7.9018	-13.0360	-0.224982	0.020017	0.974157	0.018782	0.999692	-0.016204	-0.974182	0.014651	-0.225289
4311214	-19.8664	-7.9004	-13.0365	-0.224933	0.020997	0.974148	0.018400	0.999681	-0.017299	-0.974201	0.014034	-0.225247
4311337	-19.8667	-7.8997	-13.0375	-0.224706	0.020933	0.974202	0.018288	0.999684	-0.017262	-0.974255	0.013937	-0.225018
4311461	-19.8661	-7.8980	-13.0368	-0.224785	0.020623	0.974190	0.017043	0.999706	-0.017230	-0.974259	0.012730	-0.225071
4311589	-19.8657	-7.9010	-13.0373	-0.224798	0.022565	0.974144	0.016813	0.999673	-0.019276	-0.974260	0.012045	-0.225104
4311712	-19.8656	-7.9028	-13.0365	-0.225054	0.020700	0.974126	0.017096	0.999704	-0.017294	-0.974196	0.012761	-0.225342
4311843	-19.8658	-7.9040	-13.0364	-0.225100	0.019236	0.974146	0.017442	0.999724	-0.015710	-0.974179	0.013455	-0.225374
4311964	-19.8657	-7.9023	-13.0366	-0.225225	0.018985	0.974122	0.017205	0.999732	-0.015507	-0.974155	0.013267	-0.225491
4312089	-19.8663	-7.9032	-13.0366	-0.225117	0.020024	0.974126	0.017503	0.999711	-0.016505	-0.974175	0.013335	-0.225402
4312217	-19.8664	-7.9016	-13.0369	-0.225154	0.019109	0.974136	0.017417	0.999727	-0.015586	-0.974167	0.013457	-0.225426
4312336	-19.8663	-7.9004	-13.0370	-0.225254	0.019360	0.974108	0.017217	0.999726	-0.015888	-0.974148	0.013192	-0.225525
4312463	-19.8666	-7.9004	-13.0372	-0.225041	0.019715	0.974150	0.017019	0.999722	-0.016301	-0.974201	0.012911	-0.225314
4312591	-19.8651	-7.9068	-13.0362	-0.225409	0.020928	0.974040	0.018723	0.999678	-0.017146	-0.974084	0.014372	-0.225728
4312714	-19.8655	-7.9087	-13.0362	-0.225252	0.020305	0.974089	0.019135	0.999682	-0.016413	-0.974113	0.014942	-0.225569
4312842	-19.8650	-7.9085	-13.0364	-0.225360	0.020137	0.974068	0.019146	0.999685	-0.016237	-0.974087	0.014991	-0.225674
4312963	-19.8656	-7.9083	-13.0361	-0.225274	0.019218	0.974106	0.019076	0.999701	-0.015312	-0.974109	0.015132	-0.225573
4313093	-19.8653	-7.9065	-13.0364	-0.225385	0.019399	0.974077	0.019025	0.999699	-0.015507	-0.974084	0.015037	-0.225686
4313213	-19.8652	-7.9086	-13.0358	-0.225423	0.020381	0.974048	0.019637	0.999673	-0.016373	-0.974063	0.015437	-0.225749
4313336	-19.8652	-7.9116	-13.0348	-0.225650	0.019895	0.974005	0.020315	0.999670	-0.015713	-0.973996	0.016242	-0.225980
4313465	-19.8653	-7.9097	-13.0349	-0.225045	0.020482	0.974133	0.019169	0.999679	-0.016590	-0.974160	0.014940	-0.225365
4313587	-19.8649	-7.9078	-13.0358	-0.224915	0.020679	0.974159	0.018539	0.999685	-0.016940	-0.974202	0.014250	-0.225227
4313712	-19.8649	-7.9068	-13.0354	-0.224959	0.021033	0.974141	0.018206	0.999683	-0.017380	-0.974198	0.013826	-0.225271
4313841	-19.8645	-7.9056	-13.0361	-0.224867	0.020066	0.974183	0.018447	0.999696	-0.016334	-0.974215	0.014298	-0.225169
4313965	-19.8644	-7.9046	-13.0365	-0.224906	0.019029	0.974195	0.018079	0.999719	-0.015353	-0.974213	0.014160	-0.225186
4314089	-19.8641	-7.9033	-13.0369	-0.224791	0.021282	0.974175	0.018138	0.999680	-0.017654	-0.974238	0.013701	-0.225105
4314214	-19.8643	-7.9036	-13.0363	-0.224917	0.018778	0.974197	0.018394	0.999718	-0.015023	-0.974204	0.014540	-0.225199
4314340	-19.8639	-7.9011	-13.0373	-0.224843	0.020008	0.974190	0.018021	0.999704	-0.016372	-0.974228	0.013874	-0.225137
4314466	-19.8639	-7.9016	-13.0367	-0.225049	0.018063	0.974180	0.018189	0.999732	-0.014335	-0.974178	0.014493	-0.225317
4314593	-19.8641	-7.9015	-13.0371	-0.224831	0.018553	0.974221	0.018595	0.999718	-0.014747	-0.974220	0.014800	-0.225112
4314714	-19.8640	-7.8991	-13.0372	-0.224971	0.017222	0.974213	0.017927	0.999748	-0.013534	-0.974201	0.014420	-0.225223
4314844	-19.8635	-7.8986	-13.0374	-0.224818	0.017638	0.974241	0.018182	0.999738	-0.013903	-0.974231	0.014588	-0.225080
4314965	-19.8638	-7.8982	-13.0370	-0.225020	0.017892	0.974190	0.018102	0.999736	-0.014180	-0.974186	0.014444	-0.225284
4315092	-19.8631	-7.8979	-13.0371	-0.224878	0.016673	0.974244	0.018086	0.999753	-0.012934	-0.974219	0.014712	-0.225124
4315209	-19.8644	-7.9086	-13.0352	-0.225113	0.021425	0.974097	0.020564	0.999640	-0.017234	-0.974116	0.016152	-0.225473
4315338	-19.8646	-7.9111	-13.0342	-0.225291	0.019468	0.974097	0.020990	0.999665	-0.015125	-0.974065	0.017039	-0.225625
4315466	-19.8642	-7.9112	-13.0338	-0.225163	0.021392	0.974086	0.019334	0.999660	-0.017485	-0.974129	0.014896	-0.225500
4315588	-19.8637	-7.9104	-13.0343	-0.224725	0.020979	0.974196	0.018491	0.999680	-0.017263	-0.974247	0.014135	-0.225041
4315712	-19.8644	-7.9105	-13.0331	-0.225047	0.021878	0.974102	0.018906	0.999658	-0.018084	-0.974164	0.014346	-0.225384
4315845	-19.8639	-7.9108	-13.0339	-0.224941	0.019704	0.974173	0.019019	0.999694	-0.015829	-0.974187	0.014968	-0.225247
4315961	-19.8637	-7.9102	-13.0335	-0.224871	0.019646	0.974190	0.018865	0.999697	-0.015806	-0.974206	0.014824	-0.225173
4316090	-19.8637	-7.9092	-13.0339	-0.224802	0.021395	0.974170	0.018679	0.999670	-0.017645	-0.974225	0.014229	-0.225128
4316214	-19.8638	-7.9133	-13.0350	-0.224653	0.019448	0.974245	0.019489	0.999691	-0.015462	-0.974244	0.015513	-0.224962
4316339	-19.8641	-7.9131	-13.0350	-0.224430	0.021746	0.974248	0.019354	0.999653	-0.017855	-0.974298	0.014848	-0.224773
4316463	-19.8643	-7.9135	-13.0345	-0.224865	0.022242	0.974136	0.019259	0.999646	-0.018378	-0.974200	0.014629	-0.225214
4316587	-19.8639	-7.9135	-13.0349	-0.225011	0.022235	0.974102	0.019151	0.999647	-0.018394	-0.974168	0.014516	-0.225358
4316712	-19.8644	-7.9142	-13.0345	-0.224934	0.023154	0.974099	0.019513	0.999624	-0.019255	-0.974178	0.014676	-0.225302
4316840	-19.8641	-7.9137	-13.0342	-0.224983	0.022233	0.974109	0.019150	0.999647	-0.018393	-0.974174	0.014517	-0.225330
4316961	-19.8643	-7.9157	-13.0338	-0.224985	0.022601	0.974100	0.019481	0.999635	-0.018694	-0.974167	0.014771	-0.225343
4317094	-19.8641	-7.9163	-13.0334	-0.225014	0.023439	0.974074	0.019671	0.999616	-0.019510	-0.974157	0.014771	-0.225389
4317213	-19.8640	-7.9152	-13.0348	-0.224771	0.021820	0.974167	0.019007	0.999657	-0.018005	-0.974226	0.014469	-0.225109
4317338	-19.8641	-7.9137	-13.0347	-0.224750	0.022364	0.974160	0.019193	0.999644	-0.018521	-0.974227	0.014535	-0.225099
4317466	-19.8644	-7.9153	-13.0343	-0.224960	0.022001	0.974120	0.019187	0.999651	-0.018147	-0.974179	0.014608	-0.225304
4317587	-19.8637	-7.9152	-13.0346	-0.224868	0.021648	0.974149	0.019290	0.999656	-0.017762	-0.974198	0.014798	-0.225208
4317712	-19.8643	-7.9159	-13.0343	-0.225020	0.019886	0.974151	0.019317	0.999686	-0.015946	-0.974163	0.015230	-0.225334
4317841	-19.8639	-7.9168	-13.0343	-0.224903	0.021756	0.974138	0.019408	0.999652	-0.017845	-0.974188	0.014892	-0.225247
4317965	-19.8639	-7.9169	-13.0343	-0.225017	0.020844	0.974132	0.019807	0.999662	-0.016815	-0.974154	0.015511	-0.225354
4318099	-19.8641	-7.9169	-13.0341	-0.225028	0.021460	0.974116	0.019646	0.999654	-0.017484	-0.974154	0.015203	-0.225372
4318214	-19.8641	-7.9134	-13.0359	-0.224957	0.020118	0.974161	0.019664	0.999677	-0.016104	-0.974170	0.015533	-0.225280
4318338	-19.8635	-7.9126	-13.0358	-0.224989	0.020655	0.974142	0.019256	0.999674	-0.016749	-0.974171	0.014990	-0.225314
4318463	-19.8639	-7.9130	-13.0358	-0.224996	0.020534	0.974143	0.019739	0.999669	-0.016513	-0.974160	0.015514	-0.225327
4318588	-19.8640	-7.9124	-13.0360	-0.224892	0.021520	0.974146	0.019306	0.999658	-0.017626	-0.974192	0.014843	-0.225230
4318713	-19.8643	-7.9149	-13.0348	-0.224930	0.021321	0.974142	0.019702	0.999656	-0.017330	-0.974176	0.015295	-0.225273
4318841	-19.8641	-7.9155	-13.0350	-0.225072	0.020841	0.974119	0.019994	0.999659	-0.016768	-0.974137	0.015703	-0.225412
4318963	-19.8646	-7.9131	-13.0358	-0.224817	0.020897	0.974177	0.019490	0.999666	-0.016946	-0.974206	0.015177	-0.225149
4319093	-19.8640	-7.9141	-13.0357	-0.224922	0.020899	0.974153	0.019610	0.999665	-0.016919	-0.974179	0.015298	-0.225257
4319215	-19.8646	-7.9120	-13.0364	-0.224784	0.020725	0.974188	0.019082	0.999676	-0.016865	-0.974222	0.014798	-0.225106
4319338	-19.8643	-7.9120	-13.0363	-0.224744	0.020780	0.974196	0.019096	0.999675	-0.016918	-0.974231	0.014801	-0.225067
4319465	-19.8649	-7.9115	-13.0358	-0.225006	0.020534	0.974141	0.019229	0.999677	-0.016631	-0.974168	0.014989	-0.225328
4319585	-19.8644	-7.9125	-13.0368	-0.224946	0.020961	0.974146	0.019530	0.999665	-0.017000	-0.974176	0.015201	-0.225280
4319708	-19.8647	-7.9120	-13.0362	-0.224809	0.020586	0.974185	0.019561	0.999671	-0.016611	-0.974206	0.015321	-0.225138
4319842	-19.8647	-7.9111	-13.0368	-0.224964	0.021440	0.974131	0.019248	0.999661	-0.017556	-0.974177	0.014801	-0.225300
4319964	-19.8652	-7.9121	-13.0362	-0.224821	0.021024	0.974173	0.019357	0.999666	-0.017106	-0.974208	0.015011	-0.225153
4320089	-19.8650	-7.9116	-13.0367	-0.224968	0.020165	0.974157	0.019287	0.999682	-0.016239	-0.974175	0.015136	-0.225285
4320213	-19.8654	-7.9119	-13.0372	-0.224791	0.020293	0.974196	0.019491	0.999677	-0.016327	-0.974212	0.015318	-0.225114
4320338	-19.8660	-7.9104	-13.0377	-0.224803	0.020054	0.974198	0.019233	0.999685	-0.016141	-0.974214	0.015108	-0.225118
4320462	-19.8651	-7.9112	-13.0371	-0.225031	0.019561	0.974155	0.019218	0.999693	-0.015635	-0.974162	0.015203	-0.225338
4320587	-19.8660	-7.9099	-13.0383	-0.224713	0.019802	0.974224	0.019153	0.999690	-0.015902	-0.974237	0.015086	-0.225022
4320712	-19.8659	-7.9102	-13.0377	-0.224998	0.019203	0.974170	0.019116	0.999700	-0.015291	-0.974172	0.015181	-0.225298
4320843	-19.8660	-7.9098	-13.0389	-0.224836	0.020472	0.974182	0.019353	0.999676	-0.016541	-0.974204	0.015135	-0.225159
4320963	-19.8661	-7.9082	-13.0392	-0.224832	0.020297	0.974186	0.019056	0.999683	-0.016430	-0.974211	0.014870	-0.225147
4321088	-19.8664	-7.9084	-13.0389	-0.224849	0.017809	0.974231	0.018919	0.999724	-0.013909	-0.974210	0.015304	-0.225124
4321213	-19.8666	-7.9071	-13.0398	-0.224955	0.019569	0.974173	0.019010	0.999696	-0.015692	-0.974184	0.014989	-0.225259
4321335	-19.8666	-7.9073	-13.0395	-0.224927	0.018775	0.974195	0.019090	0.999707	-0.014859	-0.974189	0.015255	-0.225219
4321459	-19.8670	-7.9045	-13.0401	-0.224672	0.018835	0.974252	0.018703	0.999712	-0.015014	-0.974255	0.014848	-0.224960
4321592	-19.8671	-7.9055	-13.0395	-0.224800	0.018473	0.974230	0.018972	0.999714	-0.014579	-0.974220	0.015205	-0.225086
4321712	-19.8649	-7.9053	-13.0396	-0.224884	0.019075	0.974199	0.019087	0.999703	-0.015169	-0.974199	0.015184	-0.225181
4321844	-19.8649	-7.9039	-13.0399	-0.224632	0.019217	0.974254	0.018925	0.999703	-0.015355	-0.974260	0.014989	-0.224929
4321963	-19.8649	-7.9028	-13.0402	-0.224857	0.019688	0.974193	0.018970	0.999695	-0.015825	-0.974207	0.014922	-0.225162
4322089	-19.8654	-7.9022	-13.0408	-0.224825	0.020486	0.974184	0.019168	0.999678	-0.016599	-0.974211	0.014941	-0.225145
4322214	-19.8650	-7.9006	-13.0415	-0.224678	0.019866	0.974231	0.018866	0.999693	-0.016035	-0.974251	0.014778	-0.224984
4322336	-19.8658	-7.9007	-13.0411	-0.224806	0.020482	0.974188	0.018774	0.999685	-0.016686	-0.974223	0.014539	-0.225120
4322464	-19.8654	-7.9003	-13.0413	-0.224563	0.019449	0.974266	0.018746	0.999702	-0.015636	-0.974279	0.014752	-0.224860
4322591	-19.8657	-7.8991	-13.0415	-0.224688	0.019218	0.974241	0.018854	0.999704	-0.015372	-0.974248	0.014915	-0.224984
4322711	-19.8657	-7.9007	-13.0414	-0.224884	0.019631	0.974188	0.019323	0.999690	-0.015684	-0.974194	0.015297	-0.225193
4322841	-19.8664	-7.8989	-13.0426	-0.224616	0.019087	0.974260	0.018895	0.999705	-0.015229	-0.974264	0.014988	-0.224911
4322963	-19.8665	-7.8973	-13.0422	-0.224591	0.019098	0.974266	0.018462	0.999712	-0.015341	-0.974278	0.014542	-0.224879
4323092	-19.8663	-7.8970	-13.0424	-0.224592	0.019948	0.974249	0.018834	0.999693	-0.016127	-0.974271	0.014727	-0.224899
4323213	-19.8649	-7.9081	-13.0378	-0.225304	0.021927	0.974042	0.020761	0.999628	-0.017701	-0.974067	0.016234	-0.225676
4323334	-19.8655	-7.9109	-13.0370	-0.225742	0.021614	0.973947	0.022022	0.999612	-0.017079	-0.973938	0.017593	-0.226130
4323464	-19.8647	-7.9109	-13.0368	-0.224787	0.020534	0.974192	0.019571	0.999671	-0.016555	-0.974211	0.015344	-0.225115
4323587	-19.8647	-7.9108	-13.0370	-0.224748	0.021484	0.974180	0.019441	0.999657	-0.017561	-0.974223	0.014992	-0.225088
4323713	-19.8644	-7.9108	-13.0370	-0.224767	0.021844	0.974168	0.019172	0.999654	-0.017992	-0.974224	0.014633	-0.225108
4323843	-19.8646	-7.9098	-13.0374	-0.224789	0.020161	0.974199	0.019164	0.999684	-0.016266	-0.974219	0.015013	-0.225105
4323963	-19.8648	-7.9104	-13.0376	-0.224635	0.021322	0.974210	0.019516	0.999658	-0.017379	-0.974247	0.015109	-0.224975
4324088	-19.8647	-7.9093	-13.0380	-0.224521	0.021750	0.974227	0.019096	0.999657	-0.017917	-0.974282	0.014581	-0.224859
4324208	-19.8647	-7.9095	-13.0385	-0.224625	0.021434	0.974210	0.019402	0.999658	-0.017520	-0.974252	0.014966	-0.224964
4324341	-19.8645	-7.9084	-13.0388	-0.224657	0.022483	0.974178	0.019378	0.999639	-0.018602	-0.974245	0.014699	-0.225012
4324465	-19.8648	-7.9096	-13.0380	-0.224745	0.022471	0.974159	0.019080	0.999644	-0.018657	-0.974231	0.014394	-0.225094
4324591	-19.8649	-7.9102	-13.0385	-0.224577	0.023034	0.974184	0.019336	0.999629	-0.019178	-0.974264	0.014530	-0.224939
4324712	-19.8646	-7.9101	-13.0387	-0.224536	0.022717	0.974201	0.019448	0.999634	-0.018828	-0.974272	0.014719	-0.224896
4324842	-19.8649	-7.9118	-13.0382	-0.224598	0.022477	0.974192	0.019561	0.999636	-0.018555	-0.974255	0.014889	-0.224956
4324962	-19.8649	-7.9114	-13.0386	-0.224571	0.023069	0.974185	0.019207	0.999630	-0.019244	-0.974269	0.014390	-0.224931
4325087	-19.8649	-7.9115	-13.0387	-0.224588	0.021987	0.974206	0.019267	0.999650	-0.018119	-0.974263	0.014700	-0.224933
4325217	-19.8643	-7.9129	-13.0373	-0.224654	0.021924	0.974192	0.019132	0.999653	-0.018085	-0.974251	0.014575	-0.224996
4325338	-19.8647	-7.9122	-13.0380	-0.224928	0.021311	0.974142	0.019745	0.999655	-0.017310	-0.974175	0.015341	-0.225271
4325465	-19.8644	-7.9126	-13.0375	-0.224511	0.022420	0.974214	0.018988	0.999646	-0.018629	-0.974287	0.014315	-0.224857
4325587	-19.8647	-7.9120	-13.0374	-0.224736	0.022774	0.974154	0.019098	0.999638	-0.018963	-0.974233	0.014343	-0.225089
4325711	-19.8643	-7.9135	-13.0376	-0.224601	0.021791	0.974207	0.019176	0.999655	-0.017940	-0.974262	0.014652	-0.224941
4325839	-19.8645	-7.9126	-13.0384	-0.224651	0.022108	0.974188	0.019064	0.999651	-0.018290	-0.974253	0.014463	-0.224994
4325960	-19.8640	-7.9119	-13.0379	-0.224706	0.021007	0.974200	0.018864	0.999674	-0.017205	-0.974244	0.014512	-0.225029
4326097	-19.8644	-7.9127	-13.0377	-0.224739	0.020894	0.974195	0.019160	0.999672	-0.017021	-0.974231	0.014840	-0.225066
4326213	-19.8641	-7.9109	-13.0378	-0.224625	0.022159	0.974193	0.018749	0.999655	-0.018415	-0.974265	0.014129	-0.224963
4326337	-19.8641	-7.9106	-13.0378	-0.224621	0.020838	0.974223	0.018381	0.999684	-0.017145	-0.974273	0.014056	-0.224933
4326463	-19.8643	-7.9109	-13.0378	-0.224612	0.020835	0.974225	0.018898	0.999677	-0.017022	-0.974265	0.014588	-0.224934
4326588	-19.8636	-7.9104	-13.0381	-0.224353	0.021142	0.974278	0.019094	0.999668	-0.017296	-0.974321	0.014723	-0.224683
4326711	-19.8639	-7.9095	-13.0383	-0.224455	0.022176	0.974232	0.018608	0.999656	-0.018468	-0.974307	0.013984	-0.224790
4326842	-19.8634	-7.9103	-13.0382	-0.224498	0.021205	0.974244	0.019137	0.999666	-0.017348	-0.974287	0.014750	-0.224829
4326964	-19.8639	-7.9100	-13.0380	-0.224195	0.020910	0.974320	0.018599	0.999680	-0.017174	-0.974367	0.014271	-0.224512
4327092	-19.8636	-7.9087	-13.0382	-0.224381	0.022005	0.974253	0.018916	0.999655	-0.018223	-0.974318	0.014340	-0.224720
4327213	-19.8633	-7.9101	-13.0379	-0.224345	0.022054	0.974260	0.018974	0.999653	-0.018260	-0.974325	0.014389	-0.224685
4327338	-19.8633	-7.9095	-13.0388	-0.224155	0.022251	0.974300	0.018899	0.999651	-0.018482	-0.974370	0.014270	-0.224497
4327465	-19.8632	-7.9105	-13.0379	-0.224668	0.022189	0.974183	0.019012	0.999650	-0.018385	-0.974250	0.014391	-0.225012
4327587	-19.8630	-7.9091	-13.0386	-0.224261	0.021768	0.974286	0.018445	0.999666	-0.018089	-0.974355	0.013914	-0.224588
4327711	-19.8635	-7.9092	-13.0377	-0.224618	0.022540	0.974186	0.018879	0.999645	-0.018776	-0.974264	0.014175	-0.224964
4327842	-19.8636	-7.9091	-13.0387	-0.224368	0.022680	0.974241	0.018490	0.999648	-0.019014	-0.974329	0.013748	-0.224708
4327962	-19.8636	-7.9098	-13.0382	-0.224365	0.022956	0.974235	0.018896	0.999637	-0.019203	-0.974322	0.014101	-0.224717
4328097	-19.8631	-7.9084	-13.0383	-0.224509	0.022375	0.974215	0.018564	0.999653	-0.018682	-0.974295	0.013891	-0.224846
4328214	-19.8636	-7.9095	-13.0378	-0.224300	0.021635	0.974280	0.018369	0.999670	-0.017970	-0.974347	0.013866	-0.224623
4328337	-19.8633	-7.9093	-13.0380	-0.224335	0.022063	0.974262	0.018375	0.999662	-0.018408	-0.974339	0.013772	-0.224664
4328463	-19.8637	-7.9091	-13.0374	-0.224451	0.022002	0.974237	0.018942	0.999655	-0.018212	-0.974301	0.014367	-0.224790
4328585	-19.8636	-7.9079	-13.0383	-0.224211	0.021580	0.974302	0.018585	0.999668	-0.017865	-0.974364	0.014102	-0.224537
4328706	-19.8641	-7.9080	-13.0380	-0.224403	0.020301	0.974285	0.018585	0.999690	-0.016550	-0.974319	0.014394	-0.224711
4328841	-19.8638	-7.9079	-13.0376	-0.224324	0.021459	0.974278	0.018813	0.999667	-0.017686	-0.974333	0.014362	-0.224653
4328963	-19.8635	-7.9073	-13.0385	-0.224344	0.021758	0.974267	0.018998	0.999658	-0.017951	-0.974325	0.014482	-0.224681
4329090	-19.8634	-7.9075	-13.0380	-0.224557	0.022064	0.974211	0.018817	0.999655	-0.018303	-0.974279	0.014222	-0.224894
4329217	-19.8640	-7.9086	-13.0389	-0.224230	0.021876	0.974291	0.018911	0.999657	-0.018093	-0.974353	0.014368	-0.224567
4329338	-19.8638	-7.9101	-13.0381	-0.224440	0.022058	0.974238	0.019532	0.999645	-0.018133	-0.974292	0.014959	-0.224791
4329463	-19.8641	-7.9086	-13.0393	-0.224056	0.021864	0.974331	0.019044	0.999656	-0.018053	-0.974390	0.014510	-0.224396
4329583	-19.8644	-7.9084	-13.0385	-0.224347	0.021816	0.974265	0.019311	0.999653	-0.017938	-0.974318	0.014790	-0.224691
4329713	-19.8643	-7.9075	-13.0387	-0.224103	0.021387	0.974331	0.019372	0.999659	-0.017488	-0.974373	0.014956	-0.224441
4329843	-19.8639	-7.9078	-13.0386	-0.224209	0.020958	0.974316	0.018937	0.999674	-0.017146	-0.974357	0.014607	-0.224533
4329966	-19.8642	-7.9085	-13.0384	-0.224244	0.021697	0.974291	0.019375	0.999654	-0.017802	-0.974340	0.014885	-0.224587
4330089	-19.8639	-7.9069	-13.0389	-0.224189	0.021815	0.974302	0.019238	0.999654	-0.017956	-0.974356	0.014718	-0.224531
4330219	-19.8642	-7.9072	-13.0382	-0.224235	0.021995	0.974287	0.019536	0.999646	-0.018071	-0.974339	0.014982	-0.224585
4330336	-19.8639	-7.9088	-13.0389	-0.224196	0.020849	0.974321	0.019648	0.999665	-0.016870	-0.974346	0.015361	-0.224531
4330462	-19.8642	-7.9080	-13.0379	-0.224447	0.021817	0.974242	0.019363	0.999652	-0.017925	-0.974294	0.014841	-0.224792
4330588	-19.8636	-7.9082	-13.0382	-0.224460	0.021808	0.974239	0.019243	0.999654	-0.017944	-0.974293	0.014720	-0.224802
4330712	-19.8637	-7.9070	-13.0386	-0.224333	0.021888	0.974267	0.019120	0.999654	-0.018056	-0.974325	0.014577	-0.224674
4330842	-19.8635	-7.9080	-13.0379	-0.224624	0.021383	0.974211	0.019338	0.999660	-0.017483	-0.974254	0.014912	-0.224961
4330962	-19.8637	-7.9062	-13.0386	-0.224257	0.021812	0.974286	0.019171	0.999655	-0.017967	-0.974341	0.014649	-0.224598
4331088	-19.8636	-7.9064	-13.0378	-0.224558	0.021586	0.974222	0.019309	0.999657	-0.017699	-0.974269	0.014837	-0.224898
4331212	-19.8638	-7.9073	-13.0384	-0.224417	0.021092	0.974265	0.019541	0.999662	-0.017141	-0.974297	0.015191	-0.224753
4331336	-19.8633	-7.9050	-13.0387	-0.224544	0.022796	0.974197	0.019697	0.999628	-0.018851	-0.974265	0.014956	-0.224909
4331463	-19.8635	-7.9059	-13.0388	-0.224485	0.022190	0.974225	0.018680	0.999655	-0.018465	-0.974298	0.014053	-0.224822
4331593	-19.8632	-7.9072	-13.0389	-0.224448	0.023749	0.974197	0.019148	0.999617	-0.019958	-0.974298	0.014175	-0.224817
4331711	-19.8636	-7.9060	-13.0388	-0.224564	0.023763	0.974170	0.018780	0.999622	-0.020054	-0.974278	0.013792	-0.224925
4331842	-19.8628	-7.9065	-13.0399	-0.224378	0.023883	0.974210	0.018575	0.999623	-0.020228	-0.974325	0.013557	-0.224737
4331963	-19.8628	-7.9080	-13.0387	-0.224489	0.024378	0.974172	0.018795	0.999609	-0.020683	-0.974295	0.013667	-0.224859
4332089	-19.8628	-7.9078	-13.0387	-0.224509	0.023225	0.974195	0.018915	0.999631	-0.019473	-0.974288	0.014056	-0.224866
4332218	-19.8628	-7.9082	-13.0392	-0.224596	0.022904	0.974183	0.019076	0.999635	-0.019104	-0.974265	0.014293	-0.224951
4332335	-19.8626	-7.9081	-13.0392	-0.224293	0.023944	0.974228	0.018863	0.999617	-0.020226	-0.974339	0.013840	-0.224659
4332464	-19.8623	-7.9106	-13.0381	-0.224762	0.023402	0.974133	0.019214	0.999624	-0.019581	-0.974224	0.014316	-0.225127
4332590	-19.8626	-7.9119	-13.0378	-0.224742	0.022246	0.974164	0.019810	0.999637	-0.018257	-0.974217	0.015195	-0.225101
4332713	-19.8628	-7.9146	-13.0361	-0.225055	0.021459	0.974110	0.019922	0.999650	-0.017419	-0.974142	0.015486	-0.225404
4332843	-19.8628	-7.9136	-13.0371	-0.225002	0.021352	0.974124	0.019431	0.999659	-0.017424	-0.974165	0.015007	-0.225340
4332963	-19.8627	-7.9134	-13.0366	-0.225009	0.022856	0.974089	0.019839	0.999625	-0.018873	-0.974155	0.015078	-0.225378
4333086	-19.8627	-7.9165	-13.0361	-0.225024	0.023273	0.974075	0.020301	0.999610	-0.019194	-0.974142	0.015456	-0.225409
4333212	-19.8629	-7.9109	-13.0372	-0.224797	0.023105	0.974132	0.018574	0.999639	-0.019424	-0.974229	0.013727	-0.225145
4333337	-19.8627	-7.9114	-13.0377	-0.224776	0.022116	0.974159	0.018932	0.999653	-0.018326	-0.974227	0.014324	-0.225117
4333465	-19.8626	-7.9099	-13.0382	-0.224397	0.021511	0.974260	0.018117	0.999676	-0.017900	-0.974329	0.013634	-0.224714
4333587	-19.8630	-7.9124	-13.0373	-0.224559	0.021433	0.974225	0.018379	0.999673	-0.017756	-0.974287	0.013918	-0.224879
4333711	-19.8630	-7.9120	-13.0371	-0.224452	0.021869	0.974240	0.018639	0.999662	-0.018146	-0.974307	0.014085	-0.224783
4333844	-19.8630	-7.9106	-13.0379	-0.224338	0.022231	0.974258	0.018160	0.999662	-0.018629	-0.974342	0.013513	-0.224666
4333961	-19.8629	-7.9113	-13.0372	-0.224596	0.021259	0.974220	0.018386	0.999676	-0.017575	-0.974279	0.013965	-0.224914
4334084	-19.8625	-7.9122	-13.0375	-0.224471	0.020909	0.974257	0.018262	0.999684	-0.017247	-0.974310	0.013920	-0.224782
4334214	-19.8625	-7.9125	-13.0366	-0.224595	0.022110	0.974201	0.018692	0.999656	-0.018378	-0.974273	0.014082	-0.224931
4334342	-19.8625	-7.9117	-13.0369	-0.224188	0.023571	0.974261	0.018085	0.999636	-0.020023	-0.974378	0.013131	-0.224533
4334466	-19.8631	-7.9142	-13.0357	-0.224774	0.021196	0.974180	0.019206	0.999666	-0.017320	-0.974222	0.014817	-0.225106
4334590	-19.8629	-7.9147	-13.0354	-0.224650	0.021206	0.974209	0.019413	0.999662	-0.017284	-0.974246	0.015029	-0.224986
4334711	-19.8628	-7.9143	-13.0358	-0.224836	0.019930	0.974193	0.019434	0.999684	-0.015966	-0.974203	0.015343	-0.225152
4334840	-19.8628	-7.9150	-13.0356	-0.224590	0.021868	0.974208	0.019282	0.999652	-0.017994	-0.974262	0.014743	-0.224934
4334959	-19.8630	-7.9130	-13.0362	-0.224669	0.021503	0.974198	0.019249	0.999659	-0.017626	-0.974245	0.014792	-0.225006
4335092	-19.8625	-7.9147	-13.0355	-0.224715	0.020966	0.974199	0.019407	0.999666	-0.017037	-0.974231	0.015078	-0.225047
4335215	-19.8632	-7.9117	-13.0367	-0.224294	0.020414	0.974308	0.018561	0.999689	-0.016673	-0.974345	0.014344	-0.224603
4335338	-19.8628	-7.9105	-13.0379	-0.224314	0.021320	0.974284	0.018279	0.999677	-0.017667	-0.974345	0.013846	-0.224631
4335464	-19.8631	-7.9119	-13.0367	-0.224362	0.018795	0.974325	0.018479	0.999716	-0.015029	-0.974331	0.014633	-0.224645
4335587	-19.8637	-7.9105	-13.0372	-0.224427	0.019267	0.974300	0.018517	0.999708	-0.015504	-0.974315	0.014562	-0.224718
4335711	-19.8638	-7.9116	-13.0362	-0.224509	0.018778	0.974291	0.018615	0.999715	-0.014978	-0.974294	0.014774	-0.224794
4335841	-19.8633	-7.9119	-13.0364	-0.224381	0.019625	0.974304	0.018684	0.999700	-0.015833	-0.974322	0.014652	-0.224680
4335963	-19.8636	-7.9110	-13.0364	-0.224507	0.018907	0.974289	0.018990	0.999707	-0.015024	-0.974287	0.015129	-0.224801
4336100	-19.8637	-7.9109	-13.0368	-0.224411	0.018958	0.974310	0.018773	0.999709	-0.015128	-0.974314	0.014895	-0.224701
4336214	-19.8633	-7.9103	-13.0376	-0.224704	0.020354	0.974214	0.019063	0.999682	-0.016489	-0.974241	0.014866	-0.225021
4336338	-19.8636	-7.9094	-13.0372	-0.224712	0.019269	0.974235	0.018984	0.999701	-0.015394	-0.974240	0.015036	-0.225011
4336463	-19.8635	-7.9093	-13.0377	-0.224721	0.020219	0.974213	0.019193	0.999683	-0.016320	-0.974234	0.015031	-0.225037
4336587	-19.8639	-7.9102	-13.0377	-0.224719	0.018597	0.974246	0.019273	0.999707	-0.014637	-0.974233	0.015487	-0.225011
4336711	-19.8635	-7.9086	-13.0384	-0.224479	0.017929	0.974314	0.019119	0.999719	-0.013991	-0.974291	0.015487	-0.224758
4336840	-19.8635	-7.9093	-13.0386	-0.224749	0.018953	0.974232	0.019304	0.999701	-0.014995	-0.974225	0.015437	-0.225048
4336964	-19.8634	-7.9087	-13.0383	-0.224642	0.017811	0.974278	0.018909	0.999724	-0.013916	-0.974258	0.015297	-0.224917
4337093	-19.8635	-7.9076	-13.0383	-0.224842	0.018898	0.974212	0.018879	0.999709	-0.015035	-0.974212	0.015012	-0.225134
4337214	-19.8636	-7.9099	-13.0374	-0.224702	0.020028	0.974222	0.019562	0.999680	-0.016039	-0.974231	0.015454	-0.225022
4337338	-19.8637	-7.9099	-13.0379	-0.224992	0.019582	0.974164	0.019565	0.999687	-0.015576	-0.974164	0.015555	-0.225304
4337465	-19.8636	-7.9097	-13.0377	-0.224557	0.019533	0.974265	0.019174	0.999694	-0.015623	-0.974272	0.015173	-0.224863
4337585	-19.8631	-7.9098	-13.0381	-0.224798	0.019162	0.974217	0.019215	0.999699	-0.015230	-0.974216	0.015296	-0.225099
4337707	-19.8635	-7.9085	-13.0390	-0.224549	0.018862	0.974280	0.018868	0.999709	-0.015006	-0.974280	0.015013	-0.224839
4337842	-19.8633	-7.9097	-13.0387	-0.224806	0.019216	0.974214	0.019227	0.999698	-0.015282	-0.974214	0.015295	-0.225108
4337964	-19.8635	-7.9085	-13.0389	-0.224676	0.019652	0.974235	0.019320	0.999690	-0.015710	-0.974242	0.015293	-0.224986
4338099	-19.8637	-7.9081	-13.0387	-0.224674	0.018796	0.974253	0.019015	0.999708	-0.014902	-0.974249	0.015178	-0.224965
4338214	-19.8643	-7.9085	-13.0369	-0.224772	0.021111	0.974183	0.019044	0.999669	-0.017269	-0.974225	0.014671	-0.225100
4338339	-19.8632	-7.9092	-13.0395	-0.224664	0.020201	0.974227	0.019373	0.999680	-0.016261	-0.974244	0.015221	-0.224984
4338461	-19.8611	-7.9116	-13.0418	-0.224605	0.022734	0.974185	0.020954	0.999609	-0.018497	-0.974224	0.016259	-0.224994
4338584	-19.8590	-7.9146	-13.0450	-0.224764	0.024243	0.974112	0.021553	0.999570	-0.019903	-0.974175	0.016521	-0.225190
4338712	-19.8592	-7.9144	-13.0444	-0.224847	0.024480	0.974087	0.021352	0.999568	-0.020192	-0.974160	0.016259	-0.225272
4338843	-19.8602	-7.9130	-13.0438	-0.224516	0.023323	0.974191	0.020996	0.999597	-0.019093	-0.974244	0.016167	-0.224915
4338964	-19.8601	-7.9129	-13.0435	-0.224923	0.023705	0.974088	0.021091	0.999588	-0.019456	-0.974148	0.016168	-0.225330
4339096	-19.8588	-7.9128	-13.0449	-0.224826	0.024544	0.974090	0.021346	0.999567	-0.020260	-0.974165	0.016238	-0.225253
4339213	-19.8600	-7.9142	-13.0433	-0.224895	0.024529	0.974074	0.021577	0.999563	-0.020189	-0.974144	0.016478	-0.225326
