META	HEADER	GNSS location/orientation script
META	VERSION	1.0.1
META	FORMAT	ASCII
META	CONTENT	DEFAULT
META	TIMESTAMPS	UPTIME
META	END
Uptime	Origin_X	Origin_Y	Origin_Z	Basis_XX	Basis_XY	Basis_XZ	Basis_YX	Basis_YY	Basis_YZ	Basis_ZX	Basis_ZY	Basis_ZZ
476196	-11.2580	-9.3398	-9.8729	0.366583	0.015849	-0.930250	-0.011902	0.999853	0.012344	0.930309	0.006546	0.366718
476314	-11.2581	-9.3397	-9.8729	0.366825	0.016094	-0.930151	-0.011669	0.999851	0.012698	0.930217	0.006196	0.366958
476439	-11.2580	-9.3402	-9.8740	0.366487	0.016244	-0.930281	-0.012507	0.999843	0.012532	0.930339	0.007042	0.366633
476565	-11.2568	-9.3423	-9.8722	0.367109	0.016476	-0.930032	-0.012657	0.999839	0.012716	0.930092	0.007103	0.367258
476688	-11.2568	-9.3429	-9.8723	0.366677	0.015754	-0.930215	-0.013013	0.999846	0.011804	0.930257	0.007777	0.366825
476813	-11.2566	-9.3432	-9.8723	0.366958	0.015780	-0.930103	-0.013012	0.999845	0.011830	0.930146	0.007761	0.367107
476941	-11.2574	-9.3440	-9.8734	0.367411	0.016643	-0.929910	-0.012846	0.999835	0.012819	0.929970	0.007235	0.367565
477063	-11.2574	-9.3429	-9.8728	0.366759	0.016019	-0.930178	-0.012428	0.999847	0.012319	0.930233	0.007042	0.366902
477190	-11.2573	-9.3424	-9.8722	0.367292	0.015195	-0.929981	-0.011075	0.999867	0.011962	0.930040	0.005906	0.367412
477315	-11.2572	-9.3444	-9.8733	0.366861	0.016223	-0.930134	-0.012757	0.999842	0.012407	0.930188	0.007315	0.367009
477442	-11.2568	-9.3434	-9.8730	0.366303	0.015930	-0.930359	-0.013980	0.999835	0.011615	0.930391	0.008752	0.366465
477565	-11.2573	-9.3422	-9.8735	0.367078	0.015746	-0.930057	-0.012700	0.999848	0.011915	0.930103	0.007438	0.367222
477687	-11.2572	-9.3424	-9.8732	0.367299	0.015333	-0.929977	-0.011381	0.999863	0.011990	0.930033	0.006180	0.367423
477809	-11.2572	-9.3413	-9.8734	0.367109	0.016871	-0.930025	-0.011758	0.999840	0.013496	0.930104	0.005980	0.367248
477943	-11.2573	-9.3409	-9.8740	0.366674	0.015584	-0.930219	-0.013581	0.999843	0.011397	0.930250	0.008454	0.366828
478064	-11.2570	-9.3403	-9.8742	0.366850	0.015980	-0.930143	-0.013633	0.999837	0.011801	0.930180	0.008351	0.367008
478194	-11.2578	-9.3411	-9.8737	0.367193	0.015268	-0.930019	-0.011307	0.999865	0.011950	0.930076	0.006127	0.367316
478314	-11.2573	-9.3410	-9.8743	0.366867	0.016204	-0.930132	-0.012673	0.999843	0.012420	0.930187	0.007231	0.367015
478440	-11.2568	-9.3412	-9.8748	0.366887	0.016184	-0.930125	-0.012805	0.999842	0.012346	0.930177	0.007381	0.367036
478562	-11.2567	-9.3451	-9.8698	0.366976	0.016419	-0.930085	-0.012962	0.999837	0.012536	0.930140	0.007455	0.367129
478684	-11.2557	-9.3452	-9.8691	0.366429	0.017097	-0.930289	-0.013027	0.999827	0.013243	0.930355	0.007266	0.366588
478813	-11.2565	-9.3446	-9.8699	0.366715	0.016420	-0.930188	-0.013453	0.999833	0.012346	0.930236	0.007987	0.366875
478944	-11.2552	-9.3442	-9.8697	0.366354	0.016856	-0.930323	-0.012606	0.999834	0.013151	0.930390	0.006910	0.366506
479065	-11.2559	-9.3456	-9.8698	0.366573	0.016582	-0.930242	-0.012655	0.999838	0.012836	0.930303	0.007067	0.366723
479190	-11.2554	-9.3463	-9.8691	0.366397	0.018002	-0.930284	-0.013490	0.999811	0.014034	0.930361	0.007408	0.366571
479313	-11.2537	-9.3367	-9.8677	0.366981	0.019011	-0.930034	-0.012074	0.999804	0.015674	0.930150	0.005477	0.367138
479442	-11.2499	-9.2776	-9.8628	0.365953	0.023194	-0.930344	-0.013631	0.999716	0.019562	0.930534	0.005523	0.366165
479561	-11.2510	-9.1922	-9.8654	0.362916	0.024978	-0.931487	-0.016705	0.999654	0.020297	0.931672	0.008194	0.363208
479689	-11.2488	-9.0961	-9.8641	0.362446	0.016100	-0.931866	-0.008308	0.999867	0.014043	0.931968	0.002652	0.362532
479813	-11.2368	-8.9614	-9.8618	0.360701	0.006854	-0.932656	0.003227	0.999958	0.008597	0.932676	-0.006110	0.360663
479942	-11.2187	-8.8351	-9.8543	0.361419	0.001318	-0.932403	0.010978	0.999924	0.005669	0.932339	-0.012285	0.361377
480064	-11.2040	-8.6967	-9.8505	0.363076	-0.003186	-0.931754	0.023151	0.999716	0.005603	0.931472	-0.023606	0.363047
480200	-11.1853	-8.5544	-9.8529	0.367068	-0.010807	-0.930131	0.020990	0.999774	-0.003332	0.929957	-0.018301	0.367212
480311	-11.1681	-8.4472	-9.8515	0.369062	-0.016154	-0.929264	0.017184	0.999797	-0.010556	0.929246	-0.012073	0.369265
480437	-11.1558	-8.3984	-9.8539	0.372381	-0.018529	-0.927895	0.007096	0.999828	-0.017118	0.928053	-0.000210	0.372449
480564	-11.1475	-8.3870	-9.8536	0.374984	-0.020298	-0.926809	-0.012061	0.999569	-0.026772	0.926953	0.021217	0.374578
480687	-11.1475	-8.3873	-9.8494	0.379368	-0.020404	-0.925021	-0.025772	0.999136	-0.032608	0.924887	0.036210	0.378514
480810	-11.1601	-8.3873	-9.8339	0.386346	-0.019345	-0.922151	-0.033824	0.998810	-0.035124	0.921733	0.044761	0.385232
480943	-11.1670	-8.3854	-9.8146	0.400475	-0.020367	-0.916081	-0.039395	0.998446	-0.039421	0.915461	0.051876	0.399050
481065	-11.1709	-8.3897	-9.7963	0.416210	-0.021772	-0.909008	-0.067147	0.996248	-0.054607	0.906786	0.083765	0.413186
481190	-11.1748	-8.4005	-9.7867	0.427987	-0.019345	-0.903578	-0.126943	0.988573	-0.081293	0.894825	0.149496	0.420641
481314	-11.1781	-8.4130	-9.7878	0.436796	-0.022216	-0.899286	-0.190355	0.974774	-0.116539	0.879190	0.222087	0.421548
481441	-11.1720	-8.4234	-9.7887	0.443752	-0.029219	-0.895673	-0.220485	0.965186	-0.140724	0.868603	0.259929	0.421861
481574	-11.1650	-8.4136	-9.7899	0.449305	-0.034891	-0.892697	-0.184359	0.974108	-0.130863	0.874149	0.223374	0.431239
481689	-11.1651	-8.3880	-9.7976	0.449615	-0.038034	-0.892412	-0.077622	0.993650	-0.081456	0.889843	0.105894	0.443808
481814	-11.1546	-8.3637	-9.8067	0.451769	-0.046699	-0.890912	0.068400	0.997503	-0.017601	0.889509	-0.052986	0.453835
481944	-11.1505	-8.3428	-9.8093	0.447032	-0.050538	-0.893089	0.170975	0.984823	0.029852	0.878026	-0.166040	0.448888
482068	-11.1440	-8.3373	-9.8113	0.434671	-0.057224	-0.898770	0.226926	0.972738	0.047815	0.871531	-0.224738	0.435806
482202	-11.1424	-8.3453	-9.8058	0.418408	-0.065639	-0.905884	0.205467	0.978370	0.024009	0.884713	-0.196175	0.422845
482309	-11.1506	-8.3638	-9.7961	0.394927	-0.075093	-0.915638	0.111991	0.993156	-0.033147	0.911861	-0.089452	0.400634
482439	-11.1504	-8.3891	-9.7842	0.367034	-0.078731	-0.926870	-0.023682	0.995298	-0.093922	0.929906	0.056422	0.363443
482564	-11.1556	-8.3913	-9.7617	0.330745	-0.083695	-0.940001	-0.121925	0.983922	-0.130505	0.935811	0.157774	0.315223
482690	-11.1546	-8.3801	-9.7397	0.272829	-0.092098	-0.957644	-0.167527	0.975652	-0.141557	0.947364	0.199052	0.250757
482812	-11.1489	-8.3918	-9.7230	0.184232	-0.090468	-0.978710	-0.172549	0.977314	-0.122819	0.967619	0.191502	0.164442
482943	-11.1482	-8.3907	-9.7091	0.094256	-0.092077	-0.991281	-0.150290	0.982986	-0.105597	0.984139	0.158932	0.078814
483063	-11.1503	-8.3974	-9.6977	0.039693	-0.091712	-0.994994	-0.127027	0.987236	-0.096064	0.991105	0.130204	0.027536
483191	-11.1530	-8.3999	-9.6944	0.038968	-0.091807	-0.995014	-0.101824	0.990222	-0.095352	0.994039	0.105032	0.029239
483313	-11.1575	-8.3866	-9.7124	0.091475	-0.090234	-0.991711	-0.071310	0.992736	-0.096904	0.993251	0.079583	0.084375
483443	-11.1658	-8.3794	-9.7426	0.193821	-0.081914	-0.977611	-0.033174	0.995391	-0.089981	0.980476	0.049871	0.190211
483565	-11.1607	-8.3754	-9.7807	0.336650	-0.056700	-0.939921	0.005385	0.998285	-0.058292	0.941615	0.014562	0.336378
483690	-11.1538	-8.3740	-9.8206	0.490367	-0.024484	-0.871172	0.033999	0.999382	-0.008950	0.870853	-0.025230	0.490896
483822	-11.1487	-8.3625	-9.8745	0.629976	0.001410	-0.776613	0.035466	0.998903	0.030583	0.775804	-0.046810	0.629235
483943	-11.1301	-8.3693	-9.9158	0.737065	0.023151	-0.675425	0.022926	0.997981	0.059226	0.675432	-0.059138	0.735047
484060	-11.1185	-8.3719	-9.9520	0.807255	0.021994	-0.589793	0.016391	0.998085	0.059654	0.589975	-0.057823	0.805348
484199	-11.1063	-8.3677	-9.9715	0.845281	0.010059	-0.534228	0.015504	0.998940	0.043341	0.534097	-0.044918	0.844229
484315	-11.1039	-8.3710	-9.9853	0.852368	-0.016489	-0.522682	0.027266	0.999545	0.012932	0.522231	-0.025275	0.852430
484441	-11.1125	-8.3646	-9.9787	0.829437	-0.050901	-0.556277	0.048688	0.998637	-0.018782	0.556475	-0.011505	0.830785
484564	-11.1209	-8.3670	-9.9614	0.772411	-0.074873	-0.630694	0.055768	0.997187	-0.050083	0.632670	0.003512	0.774414
484689	-11.1282	-8.3613	-9.9304	0.677368	-0.098817	-0.728977	0.051086	0.994863	-0.087390	0.733868	0.021955	0.678937
484811	-11.1356	-8.3570	-9.8886	0.542157	-0.120075	-0.831654	0.048629	0.992562	-0.111606	0.838869	0.020066	0.543964
484944	-11.1413	-8.3596	-9.8500	0.378215	-0.121655	-0.917689	0.014989	0.992002	-0.125329	0.925596	0.033647	0.377014
485063	-11.1444	-8.3686	-9.8128	0.226241	-0.120949	-0.966533	-0.009886	0.991925	-0.126441	0.974021	0.038161	0.223219
485194	-11.1464	-8.3736	-9.7814	0.130490	-0.111582	-0.985151	-0.023476	0.993020	-0.115583	0.991172	0.038210	0.126960
485312	-11.1501	-8.3785	-9.7753	0.087181	-0.094755	-0.991676	-0.025884	0.994915	-0.097340	0.995856	0.034155	0.084285
485439	-11.1498	-8.3818	-9.7684	0.084653	-0.076477	-0.993471	-0.029829	0.996409	-0.079245	0.995964	0.036343	0.082068
485563	-11.1541	-8.3913	-9.7616	0.099577	-0.063204	-0.993020	-0.043247	0.996763	-0.067779	0.994090	0.049694	0.096521
485688	-11.1638	-8.4047	-9.7587	0.114297	-0.051660	-0.992103	-0.094101	0.993594	-0.062579	0.988980	0.100511	0.108704
485813	-11.1669	-8.4206	-9.7486	0.127341	-0.041899	-0.990974	-0.175347	0.982420	-0.064069	0.976236	0.181923	0.117755
485941	-11.1665	-8.4386	-9.7412	0.134070	-0.035110	-0.990350	-0.271874	0.959723	-0.070829	0.952948	0.278747	0.119125
486064	-11.1673	-8.4581	-9.7409	0.139028	-0.033840	-0.989710	-0.350626	0.932993	-0.081155	0.926139	0.358301	0.117846
486196	-11.1638	-8.4613	-9.7425	0.149932	-0.026417	-0.988343	-0.379217	0.921653	-0.082162	0.913080	0.387116	0.128168
486315	-11.1677	-8.4487	-9.7486	0.168047	-0.017425	-0.985625	-0.334504	0.939513	-0.073642	0.927290	0.342071	0.152053
486442	-11.1655	-8.4345	-9.7589	0.187847	-0.007636	-0.982169	-0.235444	0.970465	-0.052576	0.953561	0.241122	0.180501
486565	-11.1656	-8.4064	-9.7662	0.207756	0.000130	-0.978181	-0.100134	0.994749	-0.021136	0.973042	0.102340	0.206678
486687	-11.1627	-8.3785	-9.7802	0.228725	0.003366	-0.973485	0.044010	0.998936	0.013794	0.972496	-0.045998	0.228334
486808	-11.1552	-8.3586	-9.7888	0.244437	0.002932	-0.969661	0.158828	0.986369	0.043021	0.956569	-0.164525	0.240640
486942	-11.1465	-8.3427	-9.7979	0.257692	-0.006874	-0.966203	0.232905	0.970931	0.055210	0.937737	-0.239261	0.251802
487065	-11.1474	-8.3348	-9.8051	0.263105	-0.017242	-0.964613	0.261890	0.963574	0.054209	0.928542	-0.266885	0.258037
487191	-11.1479	-8.3360	-9.8120	0.265842	-0.029163	-0.963575	0.246050	0.968489	0.038572	0.932088	-0.247342	0.264641
487315	-11.1520	-8.3429	-9.8194	0.264727	-0.038130	-0.963569	0.194900	0.980712	0.014738	0.944422	-0.191701	0.267053
487439	-11.1563	-8.3498	-9.8275	0.262284	-0.043593	-0.964006	0.135148	0.990793	-0.008034	0.955480	-0.128176	0.265761
487564	-11.1642	-8.3608	-9.8368	0.260185	-0.048471	-0.964341	0.076804	0.996614	-0.029371	0.962499	-0.066424	0.263027
487683	-11.1708	-8.3745	-9.8468	0.257774	-0.053006	-0.964750	0.020138	0.998572	-0.049483	0.965995	-0.006673	0.258473
487814	-11.1837	-8.3810	-9.8597	0.258205	-0.053455	-0.964610	-0.016929	0.998064	-0.059840	0.965942	0.031781	0.256800
487944	-11.1993	-8.3887	-9.8763	0.255412	-0.050659	-0.965504	-0.064797	0.995484	-0.069374	0.964659	0.080281	0.250976
488065	-11.2178	-8.3932	-9.8978	0.256274	-0.043653	-0.965618	-0.104051	0.991929	-0.072457	0.960988	0.119042	0.249663
488200	-11.2432	-8.4010	-9.9172	0.258738	-0.036245	-0.965267	-0.123970	0.989786	-0.070396	0.957959	0.137879	0.251602
488313	-11.2739	-8.4094	-9.9336	0.263576	-0.030132	-0.964168	-0.135788	0.988401	-0.068010	0.955034	0.148848	0.256428
488437	-11.3090	-8.4107	-9.9481	0.267449	-0.026111	-0.963218	-0.140465	0.987898	-0.065782	0.953279	0.152892	0.260544
488561	-11.3502	-8.4208	-9.9626	0.272999	-0.024743	-0.961696	-0.134547	0.988862	-0.063637	0.952559	0.146766	0.266630
488689	-11.3818	-8.4329	-9.9760	0.278649	-0.020959	-0.960164	-0.125874	0.990341	-0.058147	0.952108	0.137063	0.273319
488813	-11.3980	-8.4334	-9.9917	0.286108	-0.017668	-0.958035	-0.118031	0.991566	-0.053536	0.950900	0.128395	0.281609
488942	-11.4043	-8.4209	-10.0065	0.297897	-0.019249	-0.954404	-0.110416	0.992391	-0.054479	0.948191	0.121611	0.293505
489063	-11.4166	-8.4198	-10.0255	0.306219	-0.021326	-0.951722	-0.100544	0.993433	-0.054611	0.946636	0.112413	0.302064
489190	-11.4223	-8.4119	-10.0431	0.314276	-0.025568	-0.948987	-0.090040	0.994328	-0.056608	0.945052	0.103238	0.310191
489312	-11.4301	-8.4114	-10.0538	0.321447	-0.033444	-0.946337	-0.075501	0.995289	-0.060820	0.943913	0.091000	0.317407
489444	-11.4343	-8.4073	-10.0621	0.325402	-0.041239	-0.944676	-0.065618	0.995655	-0.066067	0.943296	0.083486	0.321282
489565	-11.4355	-8.4084	-10.0662	0.326311	-0.046505	-0.944118	-0.053358	0.996290	-0.067517	0.943755	0.072408	0.322619
489688	-11.4358	-8.4078	-10.0678	0.326047	-0.050912	-0.943982	-0.044809	0.996594	-0.069226	0.944291	0.064870	0.322655
489812	-11.4336	-8.4050	-10.0666	0.323225	-0.053328	-0.944818	-0.041288	0.996665	-0.070379	0.945421	0.061758	0.319945
489943	-11.4341	-8.4048	-10.0637	0.320052	-0.051903	-0.945977	-0.036500	0.997081	-0.067056	0.946697	0.055989	0.317223
490065	-11.4322	-8.4067	-10.0603	0.316354	-0.049466	-0.947351	-0.038147	0.997168	-0.064806	0.947874	0.056640	0.313572
490194	-11.4316	-8.4052	-10.0575	0.312566	-0.045457	-0.948808	-0.037696	0.997474	-0.060207	0.949148	0.054585	0.310063
490315	-11.4317	-8.4071	-10.0545	0.309889	-0.041399	-0.949871	-0.038348	0.997694	-0.055994	0.949999	0.053778	0.307587
490438	-11.4293	-8.4089	-10.0509	0.307093	-0.036540	-0.950978	-0.038594	0.997962	-0.050808	0.950897	0.052305	0.305057
490565	-11.4289	-8.4054	-10.0488	0.304724	-0.033418	-0.951854	-0.039007	0.998108	-0.047530	0.951642	0.051612	0.302844
490689	-11.4277	-8.4066	-10.0460	0.302552	-0.029597	-0.952673	-0.039866	0.998250	-0.043674	0.952299	0.051193	0.300842
490815	-11.4256	-8.4080	-10.0440	0.300966	-0.026557	-0.953265	-0.042354	0.998254	-0.041182	0.952694	0.052769	0.299315
490946	-11.4239	-8.4090	-10.0421	0.298965	-0.023818	-0.953967	-0.047138	0.998099	-0.039692	0.953099	0.056835	0.297274
491066	-11.4227	-8.4087	-10.0404	0.297830	-0.023619	-0.954327	-0.044652	0.998255	-0.038641	0.953574	0.054121	0.296256
491190	-11.4213	-8.4109	-10.0382	0.295868	-0.021430	-0.954989	-0.046592	0.998235	-0.036835	0.954092	0.055393	0.294347
491309	-11.4201	-8.4102	-10.0363	0.295099	-0.021682	-0.955221	-0.046392	0.998238	-0.036990	0.954340	0.055230	0.293574
491444	-11.4194	-8.4114	-10.0350	0.293450	-0.020648	-0.955751	-0.047724	0.998204	-0.036218	0.954783	0.056240	0.291937
491566	-11.4195	-8.4113	-10.0333	0.292596	-0.022896	-0.955962	-0.048696	0.998059	-0.038809	0.954996	0.057907	0.290913
491689	-11.4197	-8.4141	-10.0309	0.291329	-0.023239	-0.956341	-0.049462	0.998002	-0.039319	0.955343	0.058757	0.289597
491813	-11.4207	-8.4121	-10.0316	0.290838	-0.025398	-0.956435	-0.047723	0.998018	-0.041014	0.955581	0.057572	0.289049
491943	-11.4225	-8.4139	-10.0305	0.290200	-0.024505	-0.956652	-0.045277	0.998201	-0.039304	0.955894	0.054720	0.288568
492061	-11.4238	-8.4141	-10.0305	0.289769	-0.023563	-0.956807	-0.043624	0.998333	-0.037798	0.956102	0.052693	0.288258
492192	-11.4253	-8.4132	-10.0310	0.289497	-0.023897	-0.956880	-0.043499	0.998327	-0.038092	0.956190	0.052651	0.287974
492314	-11.4264	-8.4124	-10.0307	0.289636	-0.021541	-0.956894	-0.043300	0.998428	-0.035582	0.956157	0.051739	0.288248
492440	-11.4267	-8.4131	-10.0317	0.290619	-0.020357	-0.956622	-0.043201	0.998475	-0.034371	0.955863	0.051316	0.289297
492566	-11.4280	-8.4100	-10.0309	0.291978	-0.019572	-0.956225	-0.045436	0.998378	-0.034308	0.955345	0.053464	0.290615
492688	-11.4291	-8.4101	-10.0314	0.293147	-0.017054	-0.955915	-0.048449	0.998291	-0.032668	0.954839	0.055889	0.291820
492812	-11.4307	-8.4108	-10.0307	0.294463	-0.016665	-0.955518	-0.049118	0.998263	-0.032547	0.954400	0.056517	0.293133
492940	-11.4336	-8.4126	-10.0291	0.296060	-0.015924	-0.955037	-0.052490	0.998079	-0.032913	0.953726	0.059874	0.294656
493061	-11.4379	-8.4115	-10.0273	0.297627	-0.016292	-0.954543	-0.054836	0.997912	-0.034130	0.953106	0.062501	0.296112
493198	-11.4445	-8.4128	-10.0252	0.298989	-0.016320	-0.954117	-0.056907	0.997769	-0.034900	0.952558	0.064731	0.297393
493314	-11.4558	-8.4119	-10.0219	0.300489	-0.015626	-0.953657	-0.060646	0.997529	-0.035454	0.951855	0.068489	0.298799
493439	-11.4718	-8.4131	-10.0183	0.302081	-0.015511	-0.953156	-0.065122	0.997196	-0.036866	0.951055	0.073208	0.300224
493563	-11.4920	-8.4146	-10.0163	0.302937	-0.013372	-0.952917	-0.070448	0.996852	-0.036384	0.950403	0.078154	0.301041
493687	-11.5141	-8.4193	-10.0151	0.304750	-0.008344	-0.952396	-0.076220	0.996541	-0.033120	0.949378	0.082685	0.303060
493811	-11.5462	-8.4232	-10.0168	0.307992	-0.005933	-0.951371	-0.077248	0.996523	-0.031222	0.948248	0.083108	0.306463
493942	-11.5892	-8.4214	-10.0247	0.310973	-0.003512	-0.950412	-0.078490	0.996482	-0.029365	0.947172	0.083730	0.309604
494066	-11.6455	-8.4193	-10.0393	0.314169	-0.004636	-0.949356	-0.078430	0.996443	-0.030821	0.946122	0.084141	0.312688
494195	-11.7158	-8.4262	-10.0617	0.316246	0.001697	-0.948676	-0.065449	0.997655	-0.020033	0.946417	0.068426	0.315616
494313	-11.8018	-8.4326	-10.0846	0.317952	-0.006458	-0.948085	-0.058208	0.997958	-0.026318	0.946318	0.063554	0.316927
494439	-11.8945	-8.4383	-10.1122	0.317369	-0.006928	-0.948277	-0.050379	0.998438	-0.024155	0.946963	0.055440	0.316524
494574	-11.9864	-8.4324	-10.1346	0.315467	-0.012516	-0.948854	-0.052107	0.998176	-0.030490	0.947505	0.059061	0.314239
494688	-12.0871	-8.4289	-10.1538	0.314557	-0.011987	-0.949163	-0.050055	0.998320	-0.029196	0.947918	0.056694	0.313429
494813	-12.1854	-8.4288	-10.1672	0.316260	-0.014392	-0.948563	-0.041883	0.998698	-0.029117	0.947747	0.048938	0.315246
494944	-12.2926	-8.4311	-10.1814	0.316960	-0.010830	-0.948377	-0.038083	0.998983	-0.024136	0.947674	0.043767	0.316225
495062	-12.4096	-8.4382	-10.1955	0.319174	-0.010154	-0.947642	-0.030958	0.999297	-0.021135	0.947190	0.036082	0.318636
495197	-12.5301	-8.4418	-10.2062	0.323856	-0.004805	-0.946094	-0.017034	0.999795	-0.010909	0.945953	0.019649	0.323708
495313	-12.6478	-8.4428	-10.2188	0.329484	-0.001364	-0.944160	-0.011177	0.999923	-0.005345	0.944095	0.012314	0.329443
495440	-12.7693	-8.4308	-10.2356	0.334115	-0.003811	-0.942525	-0.001957	0.999987	-0.004737	0.942530	0.003427	0.334103
495564	-12.8949	-8.4276	-10.2600	0.340202	0.000039	-0.940353	0.001819	0.999998	0.000699	0.940351	-0.001948	0.340201
495686	-13.0277	-8.4338	-10.2856	0.343905	0.001264	-0.939004	0.005791	0.999977	0.003468	0.938987	-0.006631	0.343890
495819	-13.1655	-8.4365	-10.3159	0.346955	-0.006435	-0.937860	0.001617	0.999979	-0.006263	0.937881	0.000657	0.346958
495943	-13.2930	-8.4373	-10.3434	0.346137	-0.005507	-0.938168	-0.007475	0.999935	-0.008628	0.938154	0.010000	0.346073
496065	-13.4245	-8.4399	-10.3652	0.346323	-0.004567	-0.938104	-0.010869	0.999901	-0.008881	0.938052	0.013272	0.346239
496197	-13.5548	-8.4448	-10.3874	0.344202	-0.006177	-0.938875	-0.023057	0.999621	-0.015030	0.938613	0.026821	0.343929
496314	-13.6938	-8.4647	-10.4048	0.346780	-0.006849	-0.937921	-0.024209	0.999575	-0.016250	0.937634	0.028341	0.346467
496440	-13.8386	-8.4665	-10.4265	0.347543	-0.006857	-0.937639	-0.025669	0.999529	-0.016825	0.937313	0.029915	0.347203
496562	-13.9793	-8.4556	-10.4477	0.348748	-0.002527	-0.937213	-0.028774	0.999496	-0.013402	0.936775	0.031641	0.348499
496683	-14.1224	-8.4467	-10.4753	0.351494	-0.002661	-0.936187	-0.025673	0.999592	-0.012480	0.935838	0.028422	0.351282
496812	-14.2690	-8.4495	-10.5104	0.354769	-0.005643	-0.934937	-0.021210	0.999676	-0.014082	0.934713	0.024826	0.354534
496943	-14.4193	-8.4700	-10.5475	0.355049	-0.005770	-0.934830	-0.021439	0.999668	-0.014313	0.934602	0.025124	0.354807
497064	-14.5660	-8.4725	-10.5840	0.355008	-0.007899	-0.934830	-0.017370	0.999736	-0.015044	0.934702	0.021579	0.354777
497190	-14.7034	-8.4644	-10.6157	0.352797	-0.005561	-0.935684	-0.019347	0.999725	-0.013237	0.935500	0.022773	0.352592
497313	-14.8437	-8.4634	-10.6379	0.353172	-0.004051	-0.935550	-0.018064	0.999775	-0.011148	0.935384	0.020838	0.353020
497435	-14.9914	-8.4711	-10.6577	0.351659	-0.006477	-0.936106	-0.015831	0.999792	-0.012865	0.935994	0.019344	0.351483
497565	-15.1440	-8.4904	-10.6755	0.351571	-0.004549	-0.936150	-0.012799	0.999871	-0.009665	0.936074	0.015380	0.351468
497688	-15.2902	-8.4870	-10.6897	0.352180	-0.006166	-0.935912	-0.009805	0.999899	-0.010277	0.935881	0.012796	0.352084
497813	-15.4331	-8.4743	-10.6997	0.355499	-0.003623	-0.934670	-0.004517	0.999974	-0.005595	0.934666	0.006211	0.355474
497943	-15.5748	-8.4716	-10.7152	0.357621	-0.006530	-0.933844	-0.004586	0.999951	-0.008749	0.933855	0.007411	0.357574
498064	-15.7248	-8.4877	-10.7319	0.358176	-0.009926	-0.933601	-0.009835	0.999848	-0.014404	0.933602	0.014341	0.358024
498195	-15.8821	-8.5040	-10.7484	0.359868	-0.013056	-0.932912	-0.007183	0.999834	-0.016764	0.932976	0.012734	0.359714
498312	-16.0369	-8.5004	-10.7658	0.362441	-0.017866	-0.931836	-0.002665	0.999792	-0.020205	0.932003	0.009807	0.362318
498437	-16.1841	-8.4884	-10.7766	0.364939	-0.017609	-0.930865	-0.006881	0.999743	-0.021609	0.931006	0.014291	0.364724
498564	-16.3342	-8.4834	-10.7869	0.367572	-0.018618	-0.929809	-0.011100	0.999641	-0.024404	0.929929	0.019291	0.367233
498687	-16.4901	-8.4987	-10.7989	0.373434	-0.017137	-0.927498	-0.016929	0.999537	-0.025284	0.927502	0.025144	0.372971
498811	-16.6492	-8.5155	-10.8132	0.378846	-0.013882	-0.925356	-0.019451	0.999547	-0.022958	0.925255	0.026697	0.378404
498942	-16.8014	-8.5099	-10.8298	0.385120	-0.011623	-0.922793	-0.019878	0.999584	-0.020886	0.922653	0.026386	0.384728
499063	-16.9456	-8.5027	-10.8485	0.391284	-0.007910	-0.920236	-0.025280	0.999493	-0.019340	0.919923	0.030831	0.390886
499190	-17.0978	-8.5049	-10.8780	0.396390	-0.005538	-0.918065	-0.026435	0.999498	-0.017443	0.917702	0.031183	0.396045
499313	-17.2542	-8.5273	-10.9074	0.400350	-0.007192	-0.916334	-0.022599	0.999588	-0.017719	0.916084	0.027802	0.400022
499441	-17.4084	-8.5416	-10.9415	0.402118	-0.003743	-0.915580	-0.022573	0.999647	-0.014000	0.915310	0.026298	0.401891
499566	-17.5575	-8.5225	-10.9790	0.404225	-0.001782	-0.914658	-0.023354	0.999652	-0.012268	0.914361	0.026321	0.404043
499688	-17.7044	-8.5078	-11.0057	0.406322	-0.001106	-0.913729	-0.024857	0.999616	-0.012264	0.913392	0.027696	0.406139
499812	-17.8537	-8.5175	-11.0319	0.410392	0.001465	-0.911908	-0.024273	0.999662	-0.009318	0.911586	0.025959	0.410289
499943	-18.0070	-8.5359	-11.0552	0.415710	-0.000352	-0.909497	-0.021131	0.999726	-0.010046	0.909252	0.023395	0.415589
500065	-18.1580	-8.5449	-11.0782	0.423051	0.000566	-0.906106	-0.015670	0.999855	-0.006691	0.905970	0.017029	0.422998
500194	-18.2982	-8.5365	-11.0958	0.428887	0.003747	-0.903350	-0.013488	0.999906	-0.002256	0.903257	0.013152	0.428898
500309	-18.4335	-8.5309	-11.1135	0.434228	0.000842	-0.900802	-0.018942	0.999787	-0.008197	0.900604	0.020623	0.434152
500443	-18.5750	-8.5444	-11.1371	0.439407	-0.004145	-0.898279	-0.018264	0.999741	-0.013547	0.898103	0.022359	0.439217
500567	-18.7242	-8.5693	-11.1603	0.441082	-0.004891	-0.897454	-0.021867	0.999630	-0.016195	0.897201	0.026768	0.440811
500689	-18.8720	-8.5806	-11.1781	0.442020	-0.007189	-0.896977	-0.021714	0.999589	-0.018712	0.896743	0.027748	0.441682
500813	-19.0134	-8.5776	-11.1913	0.444774	-0.006646	-0.895618	-0.020523	0.999634	-0.017611	0.895408	0.026214	0.444475
500943	-19.1570	-8.5722	-11.1955	0.447626	-0.004153	-0.894211	-0.021540	0.999649	-0.015425	0.893961	0.026166	0.447379
501062	-19.3025	-8.5867	-11.1965	0.452941	-0.002259	-0.891538	-0.030375	0.999377	-0.017964	0.891023	0.035217	0.452590
501186	-19.4501	-8.6031	-11.1918	0.461827	0.002552	-0.886966	-0.022758	0.999701	-0.008973	0.886678	0.024330	0.461747
501314	-19.5907	-8.6042	-11.1852	0.471151	0.006948	-0.882025	-0.023008	0.999726	-0.004415	0.881752	0.022374	0.471182
501441	-19.7266	-8.5892	-11.1815	0.482597	0.006631	-0.875817	-0.026390	0.999627	-0.006973	0.875445	0.026478	0.482592
501570	-19.8562	-8.5870	-11.1757	0.494238	0.009514	-0.869275	-0.033473	0.999407	-0.008094	0.868682	0.033098	0.494263
501688	-19.9984	-8.6132	-11.1747	0.505831	0.010293	-0.862571	-0.036841	0.999274	-0.009680	0.861846	0.036674	0.505843
501813	-20.1498	-8.6342	-11.1728	0.516931	0.003823	-0.856018	-0.031948	0.999380	-0.014829	0.855431	0.035013	0.516733
501941	-20.2965	-8.6391	-11.1652	0.528462	0.000859	-0.848956	-0.031901	0.999313	-0.018847	0.848357	0.037042	0.528127
502060	-20.4322	-8.6206	-11.1542	0.536955	-0.005393	-0.843594	-0.032889	0.999086	-0.027322	0.842969	0.042415	0.536287
502197	-20.5722	-8.6168	-11.1413	0.550037	-0.005180	-0.835124	-0.027966	0.999306	-0.024618	0.834672	0.036896	0.549510
502313	-20.7193	-8.6286	-11.1183	0.560825	-0.008475	-0.827891	-0.031256	0.999018	-0.031400	0.827344	0.043487	0.560009
502438	-20.8673	-8.6360	-11.0958	0.573614	-0.008072	-0.819086	-0.023708	0.999369	-0.026452	0.818783	0.034593	0.573061
502565	-21.0131	-8.6186	-11.0744	0.590106	-0.013052	-0.807220	-0.008890	0.999704	-0.022663	0.807277	0.020550	0.589815
502687	-21.1440	-8.6090	-11.0581	0.604076	-0.009854	-0.796865	-0.005639	0.999846	-0.016638	0.796906	0.014544	0.603928
502811	-21.2796	-8.6120	-11.0552	0.616302	-0.011472	-0.787426	-0.011462	0.999657	-0.023535	0.787426	0.023530	0.615960
502941	-21.4217	-8.6316	-11.0553	0.627722	-0.006815	-0.778408	-0.008644	0.999839	-0.015724	0.778390	0.016599	0.627562
503065	-21.5683	-8.6572	-11.0598	0.639755	-0.003864	-0.768570	-0.012241	0.999809	-0.015216	0.768482	0.019143	0.639585
503200	-21.7064	-8.6568	-11.0624	0.651739	-0.002347	-0.758439	-0.016315	0.999720	-0.017114	0.758268	0.023527	0.651519
503314	-21.8413	-8.6404	-11.0672	0.663723	-0.004124	-0.747967	-0.016987	0.999644	-0.020585	0.747786	0.026369	0.663416
503438	-21.9792	-8.6463	-11.0649	0.675061	-0.000704	-0.737762	-0.023976	0.999450	-0.022892	0.737372	0.033142	0.674673
503564	-22.1249	-8.6650	-11.0634	0.686537	0.004337	-0.727082	-0.030475	0.999275	-0.022816	0.726456	0.037822	0.686172
503687	-22.2747	-8.6959	-11.0532	0.696628	0.011933	-0.717333	-0.035826	0.999193	-0.018171	0.716537	0.038358	0.696494
503813	-22.4154	-8.7007	-11.0402	0.706568	0.021671	-0.707313	-0.048491	0.998664	-0.017842	0.705981	0.046905	0.706675
503943	-22.5512	-8.6925	-11.0324	0.717309	0.026112	-0.696265	-0.052899	0.998454	-0.017053	0.694744	0.049064	0.717582
504063	-22.6910	-8.6932	-11.0227	0.726284	0.028982	-0.686784	-0.060067	0.997965	-0.021408	0.684765	0.056801	0.726547
504196	-22.8411	-8.7119	-11.0124	0.734598	0.031912	-0.677752	-0.069273	0.997201	-0.028130	0.674957	0.067614	0.734752
504315	-22.9896	-8.7267	-10.9958	0.742607	0.027581	-0.669159	-0.067653	0.997130	-0.033980	0.666302	0.070505	0.742342
504439	-23.1249	-8.7217	-10.9691	0.748418	0.030346	-0.662533	-0.079732	0.995825	-0.044455	0.658417	0.086096	0.747713
504564	-23.2613	-8.7039	-10.9454	0.755945	0.033763	-0.653764	-0.081866	0.995705	-0.043239	0.649496	0.086207	0.755462
504688	-23.4044	-8.7032	-10.9160	0.762142	0.040286	-0.646155	-0.087153	0.995362	-0.040739	0.641517	0.087363	0.762118
504811	-23.5518	-8.7187	-10.8768	0.769585	0.044355	-0.637002	-0.087932	0.995442	-0.036919	0.632461	0.084425	0.769977
504943	-23.6875	-8.7123	-10.8328	0.779627	0.053846	-0.623924	-0.089259	0.995679	-0.025605	0.619850	0.075653	0.781065
505064	-23.8203	-8.6964	-10.8048	0.787705	0.058068	-0.613310	-0.089463	0.995777	-0.020621	0.609522	0.071112	0.789573
505199	-23.9489	-8.6834	-10.7906	0.796820	0.059194	-0.601310	-0.088512	0.995889	-0.019253	0.597699	0.068565	0.798784
505326	-24.0872	-8.6904	-10.7813	0.807319	0.059321	-0.587126	-0.082786	0.996481	-0.013153	0.584279	0.059225	0.809389
505438	-24.2265	-8.7215	-10.7702	0.814380	0.060431	-0.577177	-0.084778	0.996282	-0.015308	0.574106	0.061398	0.816476
505559	-24.3700	-8.7224	-10.7689	0.821861	0.054281	-0.567096	-0.080185	0.996563	-0.020820	0.564017	0.062584	0.823388
505683	-24.5045	-8.7099	-10.7635	0.827490	0.052273	-0.559042	-0.079252	0.996563	-0.024126	0.555859	0.064269	0.828789
505815	-24.6371	-8.6996	-10.7641	0.832201	0.042685	-0.552828	-0.073387	0.996740	-0.033514	0.549595	0.068461	0.832621
505944	-24.7788	-8.7113	-10.7579	0.837899	0.045405	-0.543934	-0.074883	0.996674	-0.032155	0.540665	0.067674	0.838512
506068	-24.9225	-8.7255	-10.7520	0.843569	0.043192	-0.535282	-0.066813	0.997457	-0.024808	0.532849	0.056691	0.844309
506197	-25.0612	-8.7245	-10.7456	0.851586	0.036136	-0.522968	-0.053409	0.998411	-0.017983	0.521487	0.043245	0.852162
506313	-25.1915	-8.7173	-10.7498	0.858439	0.034761	-0.511737	-0.051029	0.998539	-0.017774	0.510371	0.041372	0.858958
506435	-25.3232	-8.7112	-10.7634	0.864881	0.028958	-0.501141	-0.045569	0.998742	-0.020932	0.499905	0.040940	0.865112
506560	-25.4610	-8.7342	-10.7787	0.872410	0.015561	-0.488526	-0.033384	0.999056	-0.027795	0.487633	0.040558	0.872106
506689	-25.6032	-8.7569	-10.8006	0.877109	0.013890	-0.480090	-0.032491	0.999008	-0.030458	0.479190	0.042314	0.876690
506814	-25.7418	-8.7650	-10.8239	0.882018	0.003830	-0.471201	-0.025697	0.998870	-0.039983	0.470515	0.047374	0.881119
506942	-25.8730	-8.7565	-10.8425	0.885672	0.003938	-0.464295	-0.021397	0.999248	-0.032340	0.463819	0.038577	0.885090
507064	-26.0065	-8.7550	-10.8691	0.889721	0.003696	-0.456489	-0.022526	0.999104	-0.035816	0.455948	0.042150	0.889008
507190	-26.1464	-8.7690	-10.8892	0.894593	0.004544	-0.446859	-0.021804	0.999201	-0.033491	0.446350	0.039704	0.893977
507312	-26.2947	-8.7890	-10.9130	0.898698	0.008953	-0.438477	-0.021927	0.999458	-0.024534	0.438020	0.031664	0.898407
507438	-26.4284	-8.7892	-10.9306	0.903862	0.010373	-0.427697	-0.020882	0.999584	-0.019886	0.427313	0.026906	0.903703
507569	-26.5570	-8.7750	-10.9594	0.909289	0.007519	-0.416098	-0.015781	0.999741	-0.016422	0.415867	0.021499	0.909171
507688	-26.6849	-8.7799	-11.0009	0.914203	0.006151	-0.405209	-0.013769	0.999779	-0.015887	0.405022	0.020103	0.914086
507811	-26.8188	-8.7925	-11.0500	0.917930	0.009745	-0.396624	-0.017419	0.999724	-0.015750	0.396361	0.021366	0.917846
507944	-26.9555	-8.8190	-11.0973	0.921583	0.004006	-0.388161	-0.010499	0.999838	-0.014606	0.388040	0.017536	0.921476
508063	-27.0810	-8.8173	-11.1445	0.924191	0.004156	-0.381907	-0.008060	0.999930	-0.008624	0.381844	0.011049	0.924161
508192	-27.1998	-8.8009	-11.1874	0.925704	0.003059	-0.378238	-0.008929	0.999865	-0.013765	0.378144	0.016120	0.925606
508314	-27.3217	-8.8020	-11.2377	0.928535	0.000836	-0.371245	-0.007372	0.999842	-0.016189	0.371172	0.017769	0.928394
508437	-27.4513	-8.8140	-11.2906	0.930095	-0.000436	-0.367319	-0.003779	0.999935	-0.010755	0.367300	0.011391	0.930033
508562	-27.5920	-8.8270	-11.3495	0.932585	-0.003168	-0.360937	-0.003311	0.999844	-0.017329	0.360936	0.017356	0.932429
508688	-27.7148	-8.8180	-11.4009	0.935525	-0.002710	-0.353250	-0.001467	0.999932	-0.011556	0.353258	0.011329	0.935458
508813	-27.8281	-8.8078	-11.4589	0.940030	0.001042	-0.341089	-0.005018	0.999929	-0.010773	0.341054	0.011839	0.939969
508945	-27.9387	-8.8079	-11.5216	0.944715	0.001615	-0.327889	-0.003703	0.999977	-0.005741	0.327872	0.006638	0.944699
509063	-28.0491	-8.8220	-11.6013	0.949054	0.003073	-0.315097	-0.004657	0.999980	-0.004274	0.315078	0.005524	0.949050
509188	-28.1588	-8.8473	-11.6846	0.953742	-0.002468	-0.300617	-0.002442	0.999870	-0.015957	0.300617	0.015953	0.953612
509310	-28.2598	-8.8526	-11.7630	0.958502	-0.002671	-0.285075	0.000829	0.999978	-0.006583	0.285086	0.006073	0.958483
509441	-28.3521	-8.8413	-11.8346	0.961215	-0.002154	-0.275790	-0.002310	0.999872	-0.015861	0.275789	0.015883	0.961087
509566	-28.4445	-8.8419	-11.9099	0.964789	0.000124	-0.263024	-0.006844	0.999673	-0.024634	0.262935	0.025567	0.964475
509689	-28.5385	-8.8610	-11.9915	0.968564	0.003192	-0.248742	-0.010707	0.999526	-0.028864	0.248532	0.030620	0.968140
509814	-28.6392	-8.8760	-12.0744	0.971839	0.004965	-0.235592	-0.014118	0.999209	-0.037181	0.235221	0.039460	0.971140
509943	-28.7322	-8.8853	-12.1607	0.976529	0.011422	-0.215084	-0.019362	0.999205	-0.034844	0.214515	0.038190	0.975974
510060	-28.8155	-8.8713	-12.2445	0.980930	0.011675	-0.194012	-0.018863	0.999201	-0.035246	0.193446	0.038233	0.980366
510190	-28.8926	-8.8750	-12.3338	0.984372	0.017535	-0.175226	-0.024756	0.998928	-0.039105	0.174353	0.042832	0.983751
510313	-28.9674	-8.8843	-12.4374	0.987598	0.010870	-0.156628	-0.018081	0.998837	-0.044688	0.155960	0.046966	0.986646
510438	-29.0462	-8.9071	-12.5466	0.989650	0.012919	-0.142920	-0.019607	0.998772	-0.045491	0.142156	0.047822	0.988688
510563	-29.1240	-8.9183	-12.6600	0.991266	0.012104	-0.131321	-0.019302	0.998372	-0.053679	0.130458	0.055745	0.989885
510689	-29.1971	-8.9071	-12.7599	0.992566	0.020133	-0.120033	-0.026341	0.998384	-0.050358	0.118825	0.053146	0.991492
510813	-29.2726	-8.9006	-12.8730	0.993823	0.021642	-0.108851	-0.028694	0.997560	-0.063646	0.107208	0.066377	0.992018
510942	-29.3515	-8.9169	-12.9826	0.994732	0.024732	-0.099479	-0.030995	0.997600	-0.061923	0.097709	0.064680	0.993111
511065	-29.4356	-8.9454	-13.0981	0.995347	0.031360	-0.091108	-0.036611	0.997728	-0.056547	0.089127	0.059620	0.994234
511189	-29.5171	-8.9517	-13.2098	0.996609	0.033233	-0.075275	-0.036904	0.998170	-0.047908	0.073545	0.050524	0.996011
511312	-29.5893	-8.9406	-13.3235	0.996949	0.044006	-0.064474	-0.047302	0.997603	-0.050513	0.062097	0.053408	0.996640
511440	-29.6566	-8.9326	-13.4453	0.997432	0.046838	-0.054185	-0.049500	0.997577	-0.048892	0.051764	0.051448	0.997333
511574	-29.7222	-8.9442	-13.5721	0.998122	0.046486	-0.039899	-0.048528	0.997475	-0.051845	0.037388	0.053684	0.997858
511686	-29.7822	-8.9698	-13.7078	0.998652	0.044420	-0.026850	-0.045833	0.997459	-0.054538	0.024359	0.055695	0.998151
511810	-29.8399	-8.9709	-13.8393	0.999170	0.037896	-0.014950	-0.038731	0.997434	-0.060210	0.012630	0.060739	0.998074
511940	-29.8981	-8.9571	-13.9640	0.999283	0.037871	-0.000182	-0.037793	0.996878	-0.069328	-0.002444	0.069285	0.997594
512064	-29.9569	-8.9478	-14.0945	0.999305	0.035330	0.011920	-0.034440	0.997086	-0.068063	-0.014290	0.067606	0.997610
512197	-30.0200	-8.9682	-14.2189	0.999083	0.033009	0.027255	-0.030781	0.996442	-0.078463	-0.029748	0.077553	0.996544
512311	-30.0904	-8.9842	-14.3527	0.998411	0.032520	0.046014	-0.029277	0.997153	-0.069487	-0.048142	0.068029	0.996521
512436	-30.1541	-8.9833	-14.4820	0.997332	0.028736	0.067109	-0.024302	0.997525	-0.065985	-0.068839	0.064179	0.995561
512563	-30.2109	-8.9685	-14.6118	0.996017	0.030478	0.083798	-0.024883	0.997442	-0.067015	-0.085626	0.064663	0.994227
512687	-30.2651	-8.9632	-14.7425	0.994359	0.025513	0.102950	-0.018139	0.997245	-0.071931	-0.104502	0.069658	0.992082
512812	-30.3180	-8.9845	-14.8827	0.992409	0.022517	0.120898	-0.013556	0.997133	-0.074443	-0.122228	0.072239	0.989870
512940	-30.3650	-9.0061	-15.0283	0.990712	0.014856	0.135162	-0.005894	0.997771	-0.066467	-0.135848	0.065053	0.988592
513061	-30.4095	-8.9936	-15.1646	0.988786	0.008692	0.149086	0.001640	0.997612	-0.069043	-0.149331	0.068514	0.986411
513194	-30.4563	-8.9801	-15.2922	0.986361	0.004347	0.164540	0.007203	0.997554	-0.069533	-0.164440	0.069770	0.983917
513314	-30.5016	-8.9780	-15.4239	0.984184	0.005877	0.177054	0.006522	0.997570	-0.069367	-0.177031	0.069425	0.981754
513440	-30.5538	-8.9948	-15.5624	0.981027	0.008049	0.193704	0.005848	0.997455	-0.071060	-0.193783	0.070844	0.978483
513562	-30.6051	-9.0040	-15.7021	0.977540	0.011067	0.210458	0.001022	0.998360	-0.057247	-0.210746	0.056176	0.975925
513685	-30.6523	-8.9951	-15.8332	0.972968	0.020967	0.229985	-0.009023	0.998561	-0.052865	-0.230762	0.049361	0.971757
513809	-30.6922	-8.9797	-15.9623	0.968531	0.025419	0.247592	-0.012810	0.998544	-0.052404	-0.248564	0.047583	0.967446
513943	-30.7291	-8.9867	-16.1016	0.963873	0.029153	0.264762	-0.014410	0.998244	-0.057457	-0.265972	0.051566	0.962601
514061	-30.7591	-9.0094	-16.2466	0.960139	0.026079	0.278303	-0.011341	0.998453	-0.054435	-0.279292	0.049109	0.958950
514192	-30.7896	-9.0306	-16.3926	0.955423	0.028902	0.293821	-0.014863	0.998644	-0.049902	-0.294864	0.043310	0.954557
514310	-30.8175	-9.0254	-16.5277	0.951316	0.028042	0.306940	-0.014030	0.998760	-0.047763	-0.307899	0.041131	0.950530
514438	-30.8465	-9.0129	-16.6588	0.947424	0.029195	0.318648	-0.016329	0.998943	-0.042976	-0.319565	0.035513	0.946899
514561	-30.8774	-9.0195	-16.7996	0.943848	0.035547	0.328463	-0.026524	0.999139	-0.031914	-0.329315	0.021410	0.943977
514682	-30.9133	-9.0412	-16.9349	0.939284	0.033283	0.341524	-0.027136	0.999373	-0.022761	-0.342067	0.012112	0.939598
514814	-30.9448	-9.0525	-17.0735	0.933420	0.034034	0.357167	-0.029957	0.999408	-0.016943	-0.357532	0.005115	0.933887
514943	-30.9707	-9.0472	-17.2115	0.928753	0.032992	0.369227	-0.028079	0.999431	-0.018674	-0.369633	0.006976	0.929152
515063	-30.9861	-9.0412	-17.3406	0.923232	0.033188	0.382807	-0.030638	0.999449	-0.012757	-0.383019	0.000050	0.923740
515198	-30.9962	-9.0570	-17.4814	0.919131	0.031542	0.392688	-0.030307	0.999497	-0.009345	-0.392785	-0.003312	0.919624
515311	-30.9909	-9.0847	-17.6298	0.913728	0.026773	0.405444	-0.027116	0.999620	-0.004900	-0.405421	-0.006516	0.914107
515437	-30.9855	-9.0890	-17.7707	0.909336	0.019338	0.415613	-0.024288	0.999683	0.006626	-0.415353	-0.016120	0.909517
515560	-30.9881	-9.0777	-17.8949	0.904405	0.015127	0.426407	-0.022658	0.999664	0.012594	-0.426073	-0.021052	0.904444
515687	-30.9888	-9.0710	-18.0177	0.899122	0.014497	0.437458	-0.022548	0.999658	0.013217	-0.437117	-0.021747	0.899141
515810	-30.9925	-9.0779	-18.1416	0.893476	0.008294	0.449034	-0.017011	0.999737	0.015383	-0.448788	-0.021383	0.893382
515941	-30.9980	-9.0963	-18.2651	0.885533	0.013272	0.464386	-0.025265	0.999488	0.019611	-0.463889	-0.029099	0.885415
516061	-31.0028	-9.1024	-18.3721	0.879039	0.012768	0.476579	-0.024305	0.999542	0.018052	-0.476130	-0.027451	0.878947
516204	-31.0023	-9.0957	-18.4816	0.871783	0.008889	0.489812	-0.020229	0.999636	0.017864	-0.489475	-0.025482	0.871645
516309	-30.9986	-9.0944	-18.5843	0.864289	0.010248	0.502891	-0.019449	0.999726	0.013053	-0.502619	-0.021063	0.864251
516440	-30.9895	-9.1074	-18.6928	0.858158	0.010531	0.513278	-0.014314	0.999892	0.003417	-0.513187	-0.010279	0.858215
516563	-30.9814	-9.1256	-18.8103	0.852522	0.010704	0.522581	-0.012598	0.999921	0.000071	-0.522539	-0.006644	0.852589
516688	-30.9679	-9.1345	-18.9242	0.848253	0.009860	0.529500	-0.005205	0.999934	-0.010281	-0.529566	0.005965	0.848248
516809	-30.9557	-9.1226	-19.0311	0.846675	0.008387	0.532045	-0.004552	0.999953	-0.008519	-0.532092	0.004791	0.846673
516941	-30.9483	-9.1122	-19.1236	0.843763	0.008748	0.536645	-0.005100	0.999953	-0.008282	-0.536692	0.004251	0.843768
517063	-30.9442	-9.1107	-19.2193	0.841930	0.013283	0.539424	-0.014040	0.999898	-0.002708	-0.539405	-0.005294	0.842030
517188	-30.9386	-9.1161	-19.3129	0.839346	0.013189	0.543437	-0.017133	0.999851	0.002197	-0.543327	-0.011154	0.839447
517312	-30.9383	-9.1223	-19.4157	0.837031	0.013802	0.546981	-0.029065	0.999392	0.019259	-0.546383	-0.032018	0.836923
517436	-30.9369	-9.1271	-19.5102	0.833671	0.016735	0.552008	-0.033725	0.999218	0.020640	-0.551231	-0.035824	0.833583
517559	-30.9298	-9.1188	-19.6019	0.830333	0.017763	0.556984	-0.039897	0.998822	0.027623	-0.555837	-0.045158	0.830064
517683	-30.9198	-9.1088	-19.6846	0.827678	0.020935	0.560813	-0.043335	0.998704	0.026674	-0.559528	-0.046381	0.827513
517809	-30.9057	-9.1116	-19.7652	0.825226	0.017711	0.564525	-0.040558	0.998786	0.027952	-0.563345	-0.045963	0.824943
517940	-30.8878	-9.1174	-19.8471	0.823981	0.011909	0.566492	-0.034348	0.998990	0.028958	-0.565575	-0.043319	0.823558
518063	-30.8631	-9.1331	-19.9302	0.821163	0.005430	0.570668	-0.031305	0.998878	0.035543	-0.569834	-0.047052	0.820411
518192	-30.8392	-9.1364	-19.9936	0.819464	0.002956	0.573122	-0.025789	0.999164	0.031720	-0.572550	-0.040774	0.818856
518306	-30.8223	-9.1240	-20.0521	0.818043	-0.002815	0.575150	-0.022950	0.999032	0.037532	-0.574698	-0.043903	0.817187
518439	-30.8159	-9.1136	-20.0973	0.815654	-0.003889	0.578526	-0.025414	0.998771	0.042546	-0.577981	-0.049405	0.814553
