META	HEADER	GNSS location/orientation script
META	VERSION	1.0.1
META	FORMAT	ASCII
META	CONTENT	DEFAULT
META	TIMESTAMPS	UPTIME
META	END
Uptime	Origin_X	Origin_Y	Origin_Z	Basis_XX	Basis_XY	Basis_XZ	Basis_YX	Basis_YY	Basis_YZ	Basis_ZX	Basis_ZY	Basis_ZZ
656433	-11.3651	-9.3637	-10.2577	0.300457	0.009666	-0.953746	-0.015499	0.999866	0.005250	0.953669	0.013204	0.300567
656557	-11.3649	-9.3641	-10.2580	0.299939	0.009730	-0.953909	-0.015761	0.999862	0.005243	0.953828	0.013461	0.300050
656681	-11.3652	-9.3643	-10.2578	0.300270	0.010001	-0.953802	-0.014148	0.999882	0.006030	0.953749	0.011684	0.300376
656805	-11.3653	-9.3647	-10.2577	0.300483	0.008311	-0.953751	-0.013942	0.999893	0.004320	0.953685	0.011999	0.300566
656934	-11.3651	-9.3648	-10.2574	0.300457	0.008440	-0.953758	-0.013938	0.999893	0.004458	0.953694	0.011954	0.300542
657056	-11.3659	-9.3651	-10.2574	0.300407	0.007701	-0.953780	-0.014569	0.999888	0.003484	0.953700	0.012849	0.300485
657182	-11.3657	-9.3646	-10.2573	0.300182	0.008443	-0.953845	-0.014119	0.999891	0.004407	0.953777	0.012145	0.300268
657307	-11.3655	-9.3664	-10.2569	0.300564	0.008381	-0.953725	-0.013129	0.999903	0.004650	0.953671	0.011124	0.300645
657435	-11.3655	-9.3670	-10.2570	0.300356	0.009071	-0.953784	-0.014677	0.999880	0.004888	0.953714	0.012530	0.300453
657557	-11.3660	-9.3664	-10.2569	0.300496	0.007663	-0.953752	-0.014413	0.999890	0.003492	0.953674	0.012697	0.300573
657680	-11.3653	-9.3657	-10.2563	0.300158	0.008169	-0.953854	-0.014502	0.999887	0.004000	0.953779	0.012632	0.300243
657801	-11.3659	-9.3664	-10.2568	0.300440	0.007743	-0.953769	-0.014022	0.999895	0.003701	0.953698	0.012262	0.300517
657936	-11.3653	-9.3661	-10.2571	0.300172	0.008416	-0.953848	-0.013331	0.999900	0.004627	0.953792	0.011326	0.300254
658057	-11.3658	-9.3661	-10.2576	0.300741	0.007940	-0.953673	-0.012550	0.999912	0.004368	0.953623	0.010655	0.300814
658188	-11.3652	-9.3683	-10.2560	0.300357	0.008774	-0.953787	-0.013207	0.999900	0.005039	0.953735	0.011083	0.300443
658307	-11.3654	-9.3655	-10.2570	0.300368	0.008460	-0.953786	-0.013606	0.999897	0.004584	0.953726	0.011600	0.300452
658438	-11.3661	-9.3658	-10.2569	0.300273	0.008595	-0.953814	-0.013840	0.999893	0.004653	0.953753	0.011804	0.300360
658554	-11.3657	-9.3637	-10.2578	0.300351	0.008884	-0.953787	-0.014006	0.999890	0.004903	0.953726	0.011886	0.300442
658677	-11.3657	-9.3634	-10.2579	0.300332	0.009040	-0.953792	-0.014961	0.999877	0.004766	0.953718	0.012839	0.300430
658806	-11.3654	-9.3628	-10.2572	0.300377	0.008623	-0.953782	-0.013751	0.999894	0.004709	0.953721	0.011701	0.300464
658937	-11.3658	-9.3612	-10.2579	0.300529	0.008779	-0.953732	-0.013949	0.999891	0.004809	0.953671	0.011858	0.300619
659058	-11.3658	-9.3626	-10.2581	0.300098	0.009050	-0.953866	-0.015307	0.999872	0.004671	0.953786	0.013200	0.300198
659183	-11.3655	-9.3629	-10.2575	0.300649	0.009083	-0.953692	-0.014275	0.999885	0.005023	0.953628	0.012104	0.300744
659306	-11.3657	-9.3629	-10.2585	0.300174	0.009803	-0.953834	-0.016021	0.999858	0.005234	0.953750	0.013710	0.300289
659437	-11.3632	-9.3577	-10.2582	0.299816	0.011924	-0.953922	-0.015614	0.999849	0.007591	0.953869	0.012618	0.299957
659553	-11.3581	-9.3197	-10.2606	0.302088	0.015073	-0.953161	-0.018156	0.999785	0.010056	0.953107	0.014268	0.302297
659681	-11.3554	-9.2652	-10.2639	0.301632	0.019007	-0.953235	-0.026407	0.999584	0.011575	0.953059	0.021681	0.302009
659805	-11.3452	-9.1869	-10.2621	0.302712	0.018887	-0.952895	-0.028042	0.999547	0.010904	0.952670	0.023420	0.303104
659937	-11.3317	-9.0925	-10.2585	0.305054	0.025586	-0.951991	-0.043887	0.998955	0.012785	0.951323	0.037880	0.305858
660057	-11.3089	-8.9916	-10.2527	0.307853	0.033552	-0.950842	-0.045584	0.998750	0.020483	0.950341	0.037038	0.308998
660187	-11.2855	-8.8851	-10.2507	0.310105	0.036485	-0.950002	-0.054362	0.998309	0.020595	0.949147	0.045257	0.311564
660305	-11.2661	-8.7789	-10.2447	0.309984	0.037203	-0.950014	-0.060924	0.997958	0.019202	0.948788	0.051926	0.311617
660438	-11.2478	-8.6646	-10.2450	0.308861	0.028869	-0.950669	-0.066510	0.997748	0.008690	0.948779	0.060545	0.310086
660558	-11.2336	-8.5679	-10.2474	0.306273	0.026236	-0.951582	-0.082523	0.996589	0.000916	0.948360	0.078247	0.307393
660681	-11.2263	-8.4898	-10.2522	0.302066	0.016238	-0.953149	-0.091047	0.995776	-0.011890	0.948929	0.090373	0.302268
660805	-11.2197	-8.4288	-10.2642	0.299576	0.005187	-0.954058	-0.094066	0.995274	-0.024125	0.949424	0.096971	0.298648
660937	-11.2136	-8.3905	-10.2775	0.297675	-0.009679	-0.954618	-0.090393	0.995170	-0.038277	0.950378	0.097685	0.295362
661059	-11.2068	-8.3791	-10.2853	0.295095	-0.023486	-0.955179	-0.082542	0.995334	-0.049974	0.951896	0.093590	0.291779
661184	-11.2019	-8.3769	-10.2846	0.293017	-0.038399	-0.955336	-0.070371	0.995617	-0.061602	0.953514	0.085278	0.289031
661307	-11.1985	-8.3749	-10.2739	0.290402	-0.053407	-0.955413	-0.059321	0.995516	-0.073679	0.955064	0.078072	0.285932
661434	-11.1942	-8.3752	-10.2582	0.286907	-0.061409	-0.955988	-0.051209	0.995533	-0.079318	0.956589	0.071712	0.282481
661560	-11.1994	-8.3672	-10.2468	0.282317	-0.058052	-0.957563	-0.042358	0.996440	-0.072897	0.958386	0.061140	0.278853
661681	-11.2030	-8.3679	-10.2338	0.276542	-0.042011	-0.960083	-0.037810	0.997795	-0.054552	0.960258	0.051387	0.274344
661806	-11.2028	-8.3685	-10.2201	0.271304	-0.022277	-0.962236	-0.030863	0.999017	-0.031830	0.961999	0.038333	0.270350
661938	-11.2050	-8.3716	-10.2080	0.264331	-0.003509	-0.964426	-0.023610	0.999670	-0.010108	0.964143	0.025442	0.264160
662060	-11.2036	-8.3769	-10.1953	0.257145	0.013298	-0.966281	-0.024111	0.999682	0.007341	0.966072	0.021410	0.257384
662188	-11.2048	-8.3817	-10.1857	0.250420	0.023503	-0.967852	-0.027671	0.999471	0.017111	0.967742	0.022496	0.250938
662302	-11.2062	-8.3871	-10.1781	0.242390	0.030475	-0.969700	-0.036968	0.999071	0.022157	0.969474	0.030477	0.243291
662434	-11.2078	-8.3917	-10.1724	0.235768	0.034139	-0.971210	-0.050776	0.998450	0.022770	0.970482	0.043946	0.237136
662558	-11.2115	-8.3998	-10.1675	0.228964	0.034212	-0.972833	-0.068073	0.997498	0.019058	0.971052	0.061860	0.230720
662682	-11.2143	-8.4020	-10.1652	0.225408	0.030116	-0.973799	-0.085356	0.996289	0.011053	0.970518	0.080628	0.227142
662807	-11.2164	-8.4061	-10.1643	0.224314	0.022636	-0.974254	-0.098917	0.995096	0.000346	0.969484	0.096292	0.225453
662937	-11.2186	-8.4071	-10.1637	0.225302	0.013434	-0.974196	-0.108695	0.994009	-0.011431	0.968207	0.108466	0.225412
663057	-11.2192	-8.4056	-10.1640	0.227922	0.005628	-0.973663	-0.117141	0.992879	-0.021682	0.966607	0.118998	0.226958
663190	-11.2201	-8.4050	-10.1636	0.232352	-0.003448	-0.972626	-0.121640	0.992040	-0.032575	0.964995	0.125879	0.230084
663308	-11.2210	-8.4074	-10.1629	0.237151	-0.008474	-0.971436	-0.122446	0.991726	-0.038543	0.963725	0.128089	0.234152
663436	-11.2214	-8.4096	-10.1614	0.243521	-0.012746	-0.969812	-0.123671	0.991344	-0.044083	0.961979	0.130673	0.239837
663559	-11.2221	-8.4070	-10.1634	0.249658	-0.014707	-0.968222	-0.124173	0.991143	-0.047073	0.960339	0.131980	0.245621
663683	-11.2229	-8.4062	-10.1642	0.254851	-0.015574	-0.966855	-0.125893	0.990826	-0.049144	0.958750	0.134244	0.250552
663806	-11.2238	-8.4046	-10.1648	0.259658	-0.016377	-0.965562	-0.123715	0.991053	-0.050078	0.957743	0.132457	0.255309
663936	-11.2235	-8.4047	-10.1656	0.262282	-0.015585	-0.964865	-0.122303	0.991270	-0.049258	0.957210	0.130925	0.258086
664055	-11.2241	-8.4018	-10.1677	0.265480	-0.015551	-0.963991	-0.116942	0.991968	-0.048208	0.956998	0.125530	0.261530
664189	-11.2224	-8.4016	-10.1674	0.266798	-0.014638	-0.963641	-0.115735	0.992162	-0.047114	0.956778	0.124097	0.263012
664308	-11.2218	-8.4007	-10.1683	0.268188	-0.013156	-0.963277	-0.113749	0.992480	-0.045224	0.956628	0.121700	0.264675
664437	-11.2218	-8.3994	-10.1685	0.268514	-0.013023	-0.963188	-0.112034	0.992701	-0.044654	0.956738	0.119900	0.265095
664558	-11.2217	-8.4005	-10.1675	0.269075	-0.011349	-0.963052	-0.109324	0.993108	-0.042248	0.956894	0.116653	0.265980
664682	-11.2220	-8.3984	-10.1679	0.268686	-0.009784	-0.963178	-0.105079	0.993683	-0.039407	0.957479	0.111798	0.265961
664806	-11.2220	-8.3979	-10.1677	0.268903	-0.009702	-0.963118	-0.101766	0.994066	-0.038427	0.957776	0.108346	0.266320
664937	-11.2221	-8.3965	-10.1677	0.268707	-0.009176	-0.963178	-0.096637	0.994653	-0.036436	0.958362	0.102869	0.266384
665059	-11.2221	-8.3961	-10.1681	0.268988	-0.008405	-0.963107	-0.094443	0.994913	-0.035060	0.958502	0.100390	0.266825
665196	-11.2227	-8.3955	-10.1683	0.269161	-0.009388	-0.963050	-0.091800	0.995150	-0.035358	0.958710	0.097925	0.266993
665307	-11.2218	-8.3973	-10.1682	0.270051	-0.010627	-0.962787	-0.090120	0.995271	-0.036263	0.958619	0.096559	0.267816
665437	-11.2224	-8.3975	-10.1683	0.270073	-0.010967	-0.962777	-0.089183	0.995352	-0.036355	0.958701	0.095681	0.267840
665558	-11.2217	-8.3982	-10.1691	0.271119	-0.011483	-0.962477	-0.088997	0.995347	-0.036944	0.958423	0.095674	0.268836
665682	-11.2219	-8.3980	-10.1697	0.272304	-0.012127	-0.962135	-0.087282	0.995487	-0.037250	0.958244	0.094120	0.270017
665807	-11.2210	-8.3975	-10.1712	0.272789	-0.012574	-0.961992	-0.088176	0.995379	-0.038014	0.958025	0.095195	0.270419
665937	-11.2210	-8.3960	-10.1716	0.274154	-0.012956	-0.961599	-0.087232	0.995452	-0.038282	0.957721	0.094378	0.271777
666058	-11.2207	-8.3958	-10.1729	0.274492	-0.012413	-0.961509	-0.086015	0.995591	-0.037409	0.957735	0.092972	0.272214
666189	-11.2200	-8.3949	-10.1728	0.274712	-0.012438	-0.961446	-0.085175	0.995671	-0.037217	0.957747	0.092115	0.272464
666308	-11.2207	-8.3946	-10.1735	0.275113	-0.013141	-0.961322	-0.083010	0.995848	-0.037369	0.957822	0.090080	0.272879
666437	-11.2201	-8.3954	-10.1735	0.274647	-0.012810	-0.961460	-0.081971	0.995959	-0.036685	0.958045	0.088887	0.272487
666558	-11.2209	-8.3961	-10.1734	0.275104	-0.012920	-0.961328	-0.080243	0.996112	-0.036351	0.958060	0.087140	0.272997
666682	-11.2213	-8.3966	-10.1734	0.274881	-0.012100	-0.961402	-0.078464	0.996303	-0.034973	0.958271	0.085049	0.272915
666803	-11.2227	-8.3957	-10.1743	0.275207	-0.012831	-0.961299	-0.076750	0.996426	-0.035272	0.958316	0.083487	0.273239
666937	-11.2234	-8.3951	-10.1741	0.275123	-0.011997	-0.961334	-0.075271	0.996584	-0.033979	0.958458	0.081709	0.273280
667059	-11.2254	-8.3947	-10.1748	0.275038	-0.012278	-0.961355	-0.075160	0.996584	-0.034231	0.958491	0.081670	0.273176
667185	-11.2269	-8.3947	-10.1749	0.274642	-0.012701	-0.961463	-0.075090	0.996576	-0.034615	0.958610	0.081703	0.272748
667308	-11.2280	-8.3955	-10.1748	0.274763	-0.011430	-0.961444	-0.075886	0.996552	-0.033535	0.958513	0.082174	0.272948
667439	-11.2289	-8.3951	-10.1748	0.274811	-0.010637	-0.961439	-0.076510	0.996526	-0.032894	0.958449	0.082599	0.273042
667558	-11.2328	-8.3941	-10.1750	0.274577	-0.010782	-0.961505	-0.077203	0.996462	-0.033221	0.958461	0.083352	0.272773
667678	-11.2431	-8.3891	-10.1773	0.274087	-0.011743	-0.961633	-0.080795	0.996109	-0.035192	0.958305	0.087341	0.272072
667807	-11.2479	-8.3861	-10.1775	0.274544	-0.013326	-0.961482	-0.080410	0.996084	-0.036766	0.958206	0.087407	0.272398
667939	-11.2561	-8.3839	-10.1785	0.275069	-0.017480	-0.961265	-0.079949	0.995956	-0.040989	0.958094	0.088127	0.272559
668058	-11.2661	-8.3778	-10.1815	0.274881	-0.020283	-0.961264	-0.077945	0.996017	-0.043306	0.958314	0.086830	0.272205
668189	-11.2723	-8.3730	-10.1834	0.275388	-0.023308	-0.961051	-0.072628	0.996344	-0.044976	0.958586	0.082185	0.272689
668306	-11.2756	-8.3707	-10.1828	0.276193	-0.025957	-0.960752	-0.064491	0.996882	-0.045472	0.958936	0.074519	0.273657
668431	-11.2770	-8.3689	-10.1828	0.277126	-0.026112	-0.960479	-0.056199	0.997479	-0.043333	0.959189	0.065986	0.274960
668554	-11.2779	-8.3685	-10.1821	0.277357	-0.025966	-0.960416	-0.049294	0.997934	-0.041216	0.959502	0.058775	0.275504
668682	-11.2778	-8.3679	-10.1821	0.277504	-0.023755	-0.960431	-0.046130	0.998212	-0.038019	0.959616	0.054855	0.275912
668806	-11.2781	-8.3698	-10.1805	0.278149	-0.020035	-0.960329	-0.046980	0.998302	-0.034434	0.959388	0.054694	0.276736
668936	-11.2772	-8.3703	-10.1792	0.277367	-0.016172	-0.960628	-0.053187	0.998067	-0.032159	0.959291	0.060013	0.275970
669056	-11.2778	-8.3726	-10.1790	0.276776	-0.012306	-0.960856	-0.061069	0.997671	-0.030368	0.958992	0.067083	0.275380
669183	-11.2786	-8.3735	-10.1782	0.276479	-0.008409	-0.960983	-0.065587	0.997465	-0.027598	0.958779	0.070658	0.275226
669305	-11.2787	-8.3770	-10.1768	0.276004	-0.006023	-0.961138	-0.071277	0.997099	-0.026716	0.958510	0.075881	0.274774
669437	-11.2797	-8.3776	-10.1763	0.275444	-0.003845	-0.961309	-0.074735	0.996880	-0.025400	0.958408	0.078839	0.274297
669560	-11.2811	-8.3802	-10.1763	0.276290	-0.003510	-0.961068	-0.075657	0.996811	-0.025390	0.958092	0.079726	0.275144
669682	-11.2818	-8.3808	-10.1759	0.276261	-0.003487	-0.961076	-0.077367	0.996667	-0.025855	0.957964	0.081499	0.275071
669807	-11.2823	-8.3827	-10.1753	0.276381	-0.003108	-0.961043	-0.077144	0.996696	-0.025409	0.957947	0.081161	0.275228
669938	-11.2831	-8.3811	-10.1753	0.276377	-0.003747	-0.961042	-0.077817	0.996622	-0.026264	0.957894	0.082044	0.275152
670057	-11.2838	-8.3815	-10.1752	0.276157	-0.003511	-0.961106	-0.076581	0.996733	-0.025646	0.958057	0.080685	0.274986
670188	-11.2827	-8.3840	-10.1746	0.276349	-0.004200	-0.961048	-0.076664	0.996707	-0.026400	0.957995	0.080974	0.275117
670308	-11.2818	-8.3846	-10.1737	0.276980	-0.005160	-0.960862	-0.074332	0.996874	-0.026780	0.957996	0.078840	0.275731
670433	-11.2809	-8.3838	-10.1736	0.276761	-0.005351	-0.960924	-0.073219	0.996960	-0.026640	0.958145	0.077731	0.275528
670557	-11.2822	-8.3823	-10.1733	0.276698	-0.007762	-0.960925	-0.072163	0.996976	-0.028833	0.958243	0.077321	0.275302
670682	-11.2819	-8.3821	-10.1730	0.276446	-0.007122	-0.961003	-0.073311	0.996903	-0.028477	0.958229	0.078324	0.275067
670806	-11.2819	-8.3814	-10.1731	0.276370	-0.006700	-0.961028	-0.072842	0.996953	-0.027898	0.958287	0.077713	0.275040
670939	-11.2819	-8.3815	-10.1720	0.275913	-0.005577	-0.961166	-0.073267	0.996952	-0.026817	0.958386	0.077820	0.274664
671058	-11.2815	-8.3825	-10.1721	0.276266	-0.005803	-0.961064	-0.073015	0.996965	-0.027009	0.958303	0.077634	0.275004
671183	-11.2813	-8.3829	-10.1718	0.275350	-0.005136	-0.961330	-0.072425	0.997033	-0.026072	0.958612	0.076803	0.274161
671303	-11.2807	-8.3831	-10.1707	0.275294	-0.005122	-0.961346	-0.070773	0.997164	-0.025580	0.958751	0.075080	0.274151
671438	-11.2804	-8.3845	-10.1705	0.274642	-0.003924	-0.961538	-0.072300	0.997077	-0.024720	0.958824	0.076308	0.273556
671560	-11.2806	-8.3833	-10.1697	0.274068	-0.004430	-0.961700	-0.070712	0.997190	-0.024745	0.959107	0.074786	0.272985
671682	-11.2819	-8.3850	-10.1693	0.273816	-0.003885	-0.961774	-0.072127	0.997093	-0.024563	0.959074	0.076096	0.272740
671806	-11.2829	-8.3857	-10.1684	0.273961	-0.004481	-0.961730	-0.072781	0.997025	-0.025378	0.958983	0.076948	0.272820
671938	-11.2844	-8.3873	-10.1684	0.273574	-0.004287	-0.961841	-0.075003	0.996850	-0.025776	0.958922	0.079193	0.272391
672056	-11.2853	-8.3882	-10.1667	0.274154	-0.005543	-0.961670	-0.075171	0.996800	-0.027175	0.958743	0.079740	0.272860
672188	-11.2869	-8.3891	-10.1671	0.274584	-0.005190	-0.961549	-0.077180	0.996640	-0.027420	0.958461	0.081742	0.273261
672307	-11.2886	-8.3872	-10.1651	0.275151	-0.004437	-0.961391	-0.077803	0.996607	-0.026867	0.958248	0.082191	0.273872
672437	-11.2901	-8.3879	-10.1645	0.276260	-0.003592	-0.961076	-0.079849	0.996450	-0.026677	0.957760	0.084110	0.274992
672558	-11.2927	-8.3918	-10.1640	0.276812	-0.003557	-0.960917	-0.081741	0.996281	-0.027235	0.957441	0.086086	0.275492
672682	-11.2959	-8.3929	-10.1628	0.278033	-0.002177	-0.960569	-0.082739	0.996227	-0.026206	0.957002	0.086762	0.276804
672805	-11.3006	-8.3942	-10.1618	0.279043	-0.001001	-0.960278	-0.084669	0.996079	-0.025642	0.956539	0.088461	0.277864
672935	-11.3059	-8.3955	-10.1601	0.278831	0.000793	-0.960340	-0.087729	0.995839	-0.024649	0.956325	0.091122	0.277741
673054	-11.3127	-8.3982	-10.1558	0.280072	0.002467	-0.959976	-0.089552	0.995703	-0.023568	0.955793	0.092569	0.279089
673193	-11.3213	-8.4004	-10.1501	0.281472	0.003656	-0.959562	-0.091461	0.995542	-0.023036	0.955201	0.094247	0.280552
673308	-11.3314	-8.4017	-10.1425	0.282707	0.004498	-0.959196	-0.094934	0.995211	-0.023313	0.954497	0.097652	0.281780
673436	-11.3457	-8.4033	-10.1363	0.284906	0.005014	-0.958542	-0.098600	0.994835	-0.024103	0.953471	0.101379	0.283929
673557	-11.3647	-8.4092	-10.1297	0.287426	0.006596	-0.957780	-0.104185	0.994258	-0.024418	0.952120	0.106804	0.286463
673681	-11.3889	-8.4135	-10.1272	0.288884	0.008705	-0.957324	-0.112400	0.993351	-0.024886	0.950743	0.114792	0.287942
673805	-11.4214	-8.4152	-10.1230	0.289590	0.010149	-0.957097	-0.118249	0.992663	-0.025252	0.949818	0.120488	0.288665
673936	-11.4625	-8.4182	-10.1196	0.291190	0.010114	-0.956612	-0.117556	0.992744	-0.025288	0.949415	0.119819	0.290266
674072	-11.5179	-8.4255	-10.1203	0.292897	0.008531	-0.956106	-0.117595	0.992690	-0.027167	0.948885	0.120390	0.291759
674198	-11.5850	-8.4289	-10.1194	0.293398	0.010841	-0.955929	-0.118486	0.992638	-0.025109	0.948619	0.120631	0.292523
674306	-11.6570	-8.4332	-10.1146	0.297174	0.009614	-0.954775	-0.112076	0.993388	-0.024881	0.948223	0.114401	0.296287
674434	-11.7255	-8.4302	-10.1109	0.298538	0.009298	-0.954352	-0.114720	0.993052	-0.026211	0.947478	0.117308	0.297531
674559	-11.7923	-8.4297	-10.1075	0.300906	0.008356	-0.953617	-0.117628	0.992651	-0.028419	0.946371	0.120723	0.299678
674681	-11.8555	-8.4298	-10.0992	0.306063	0.011278	-0.951944	-0.118846	0.992560	-0.026452	0.944564	0.121230	0.305127
674806	-11.9253	-8.4332	-10.0868	0.310550	0.014922	-0.950440	-0.121020	0.992361	-0.023963	0.942822	0.122463	0.309983
674936	-11.9996	-8.4343	-10.0723	0.320120	0.010637	-0.947317	-0.120336	0.992294	-0.029523	0.939703	0.123447	0.318933
675058	-12.0892	-8.4509	-10.0513	0.326786	0.017269	-0.944941	-0.114872	0.993146	-0.021576	0.938091	0.115598	0.326530
675191	-12.1849	-8.4544	-10.0309	0.337446	0.016208	-0.941205	-0.108882	0.993813	-0.021923	0.935027	0.109878	0.337123
675307	-12.2777	-8.4513	-10.0082	0.344282	0.025814	-0.938512	-0.105362	0.994370	-0.011300	0.932936	0.102774	0.345063
675435	-12.3592	-8.4436	-9.9879	0.353254	0.028164	-0.935104	-0.097350	0.995227	-0.006800	0.930449	0.093434	0.354309
675557	-12.4391	-8.4393	-9.9740	0.362434	0.031461	-0.931478	-0.094526	0.995517	-0.003156	0.927204	0.089193	0.363783
675682	-12.5225	-8.4371	-9.9586	0.369577	0.031708	-0.928659	-0.092285	0.995729	-0.002729	0.924606	0.086710	0.370924
675803	-12.6156	-8.4439	-9.9446	0.381455	0.030471	-0.923885	-0.090830	0.995855	-0.004657	0.919914	0.085693	0.382642
675937	-12.7205	-8.4549	-9.9273	0.392921	0.029633	-0.919095	-0.086782	0.996215	-0.004981	0.915468	0.081718	0.394005
676059	-12.8298	-8.4648	-9.9140	0.404593	0.028012	-0.914068	-0.085137	0.996344	-0.007151	0.910525	0.080714	0.405498
676203	-12.9314	-8.4534	-9.8977	0.417736	0.024794	-0.908230	-0.086680	0.996156	-0.012674	0.904424	0.084019	0.418279
676308	-13.0270	-8.4407	-9.8846	0.428991	0.020069	-0.903086	-0.085785	0.996140	-0.018614	0.899226	0.085456	0.429056
676434	-13.1212	-8.4327	-9.8707	0.441242	0.019076	-0.897186	-0.082817	0.996373	-0.019545	0.893559	0.082926	0.441221
676556	-13.2184	-8.4386	-9.8547	0.453493	0.018808	-0.891061	-0.084478	0.996183	-0.021966	0.887247	0.085236	0.453351
676677	-13.3242	-8.4490	-9.8299	0.466072	0.021256	-0.884491	-0.073918	0.997152	-0.014986	0.881653	0.072365	0.466316
676806	-13.4398	-8.4589	-9.8078	0.482879	0.017397	-0.875514	-0.050954	0.998667	-0.008259	0.874203	0.048599	0.483122
676949	-13.5481	-8.4536	-9.7855	0.497354	0.020191	-0.867313	-0.043581	0.999048	-0.001734	0.866452	0.038661	0.497761
677060	-13.6430	-8.4365	-9.7713	0.510892	0.019656	-0.859420	-0.033211	0.999443	0.003116	0.859003	0.026950	0.511260
677185	-13.7297	-8.4227	-9.7602	0.522114	0.015100	-0.852742	-0.025365	0.999676	0.002171	0.852499	0.020496	0.522327
677308	-13.8213	-8.4217	-9.7529	0.533228	0.006136	-0.845949	-0.014411	0.999894	-0.001831	0.845849	0.013168	0.533260
677433	-13.9176	-8.4290	-9.7504	0.542542	0.005560	-0.840010	-0.000714	0.999981	0.006158	0.840028	-0.002741	0.542536
677556	-14.0203	-8.4428	-9.7512	0.554022	-0.003148	-0.832496	0.016599	0.999836	0.007266	0.832336	-0.017844	0.553983
677685	-14.1251	-8.4435	-9.7489	0.565048	-0.008106	-0.825018	0.038620	0.999115	0.016634	0.824153	-0.041262	0.564862
677808	-14.2181	-8.4333	-9.7482	0.577831	-0.007063	-0.816126	0.053850	0.998114	0.029488	0.814378	-0.060987	0.577121
677939	-14.3082	-8.4210	-9.7479	0.588100	-0.011124	-0.808712	0.068229	0.997023	0.035903	0.805905	-0.076292	0.587109
678058	-14.3961	-8.4146	-9.7469	0.598012	-0.011339	-0.801407	0.084541	0.995214	0.049004	0.797016	-0.097057	0.596109
678188	-14.4894	-8.4124	-9.7469	0.608270	-0.010969	-0.793655	0.092890	0.994017	0.057455	0.788276	-0.108671	0.605649
678307	-14.5934	-8.4153	-9.7467	0.619234	-0.011097	-0.785128	0.111366	0.991033	0.073828	0.777269	-0.133154	0.614917
678433	-14.7045	-8.4196	-9.7412	0.632418	-0.015276	-0.774477	0.129213	0.987878	0.086027	0.763775	-0.154477	0.626725
678564	-14.8064	-8.4248	-9.7302	0.644978	-0.006927	-0.764170	0.139996	0.984108	0.109239	0.751269	-0.177437	0.635698
678685	-14.9014	-8.4071	-9.7317	0.657936	-0.004180	-0.753063	0.153031	0.979862	0.128261	0.737362	-0.199630	0.645326
678808	-14.9917	-8.4024	-9.7387	0.670400	-0.000946	-0.742000	0.161335	0.976260	0.144522	0.724248	-0.216598	0.654637
678940	-15.0869	-8.3952	-9.7503	0.683125	-0.002654	-0.730297	0.175606	0.971250	0.160734	0.708875	-0.238046	0.663951
679059	-15.1855	-8.4079	-9.7648	0.693086	-0.001857	-0.720853	0.185174	0.966899	0.175550	0.696666	-0.255154	0.670487
679184	-15.2943	-8.4091	-9.7833	0.703637	-0.005875	-0.710535	0.199533	0.961364	0.189647	0.681969	-0.275218	0.677623
679310	-15.3965	-8.4118	-9.7943	0.713059	-0.001665	-0.701102	0.203353	0.957501	0.204546	0.670965	-0.288424	0.683094
679441	-15.4877	-8.3975	-9.8035	0.723374	0.001604	-0.690455	0.203296	0.955174	0.215208	0.659849	-0.296042	0.690621
679561	-15.5757	-8.3904	-9.8092	0.731123	0.003484	-0.682237	0.201748	0.954161	0.221076	0.651734	-0.299273	0.696906
679684	-15.6602	-8.3982	-9.8146	0.740333	0.005092	-0.672221	0.198927	0.953527	0.226307	0.642133	-0.301265	0.704914
679809	-15.7537	-8.4007	-9.8154	0.750579	0.009197	-0.660717	0.190335	0.954515	0.229508	0.632775	-0.298021	0.714688
679939	-15.8567	-8.4104	-9.8155	0.762689	0.012450	-0.646645	0.187570	0.952588	0.239571	0.618969	-0.304009	0.724193
680061	-15.9548	-8.4122	-9.8103	0.774130	0.019245	-0.632734	0.173284	0.954917	0.241051	0.608847	-0.296248	0.735896
680189	-16.0433	-8.4034	-9.8052	0.784818	0.021181	-0.619364	0.167613	0.954913	0.245045	0.596629	-0.296129	0.745883
680304	-16.1225	-8.3971	-9.8084	0.793194	0.025544	-0.608434	0.154186	0.958141	0.241233	0.589127	-0.285156	0.756052
680434	-16.2063	-8.4004	-9.8168	0.803314	0.025502	-0.595010	0.144267	0.960994	0.235960	0.577818	-0.275390	0.768301
680559	-16.2959	-8.4082	-9.8227	0.811503	0.031275	-0.583511	0.130859	0.963480	0.233629	0.569508	-0.265949	0.777774
680683	-16.3924	-8.4258	-9.8335	0.819484	0.032502	-0.572179	0.122433	0.965413	0.230189	0.559871	-0.258690	0.787162
680808	-16.4911	-8.4264	-9.8471	0.827388	0.028890	-0.560887	0.117075	0.967865	0.222555	0.549292	-0.249806	0.797418
680938	-16.5800	-8.4219	-9.8492	0.834910	0.030301	-0.549552	0.111761	0.968348	0.223186	0.538920	-0.247759	0.805097
681060	-16.6658	-8.4097	-9.8590	0.841252	0.025483	-0.540043	0.112009	0.969001	0.220206	0.528913	-0.245738	0.812320
681190	-16.7516	-8.4090	-9.8617	0.847297	0.029691	-0.530289	0.105389	0.969184	0.222656	0.520558	-0.244542	0.818057
681309	-16.8430	-8.4210	-9.8616	0.852365	0.032190	-0.521955	0.099448	0.969912	0.222217	0.513404	-0.241317	0.823518
681439	-16.9438	-8.4326	-9.8612	0.857094	0.033939	-0.514040	0.096548	0.969564	0.224996	0.506031	-0.242473	0.827732
681565	-17.0509	-8.4412	-9.8547	0.861259	0.037452	-0.506785	0.092848	0.968895	0.229393	0.499613	-0.244621	0.830992
681684	-17.1490	-8.4386	-9.8516	0.865204	0.041988	-0.499659	0.083044	0.970727	0.225373	0.494496	-0.236487	0.836390
681807	-17.2408	-8.4315	-9.8486	0.867593	0.044648	-0.495267	0.074931	0.972852	0.218962	0.491598	-0.227081	0.840694
681935	-17.3342	-8.4297	-9.8531	0.869485	0.045118	-0.491894	0.066539	0.976045	0.207142	0.489456	-0.212838	0.845655
682055	-17.4270	-8.4417	-9.8598	0.869635	0.052040	-0.490945	0.052700	0.978962	0.197119	0.490874	-0.197294	0.848597
682194	-17.5306	-8.4602	-9.8655	0.870185	0.054623	-0.489688	0.045822	0.980558	0.190806	0.490589	-0.188475	0.850764
682308	-17.6389	-8.4821	-9.8737	0.870503	0.057078	-0.488842	0.035251	0.983471	0.177603	0.490899	-0.171836	0.854102
682433	-17.7438	-8.4863	-9.8748	0.870066	0.067028	-0.488356	0.020196	0.985033	0.171179	0.492521	-0.158800	0.855690
682558	-17.8440	-8.4774	-9.8792	0.871367	0.071495	-0.485394	0.008763	0.986900	0.161094	0.490553	-0.144625	0.859326
682683	-17.9418	-8.4726	-9.8759	0.871646	0.074467	-0.484446	-0.003968	0.989431	0.144950	0.490120	-0.124423	0.862729
682806	-18.0490	-8.4752	-9.8770	0.872143	0.081028	-0.482495	-0.014416	0.990018	0.140202	0.489039	-0.115321	0.864605
682937	-18.1658	-8.4901	-9.8665	0.874839	0.085528	-0.476803	-0.023592	0.990645	0.134413	0.483838	-0.106341	0.868673
683060	-18.2870	-8.4989	-9.8552	0.876780	0.088690	-0.472642	-0.031044	0.991235	0.128414	0.479888	-0.097918	0.871848
683187	-18.4026	-8.4910	-9.8486	0.879905	0.090650	-0.466422	-0.035959	0.991522	0.124868	0.473787	-0.093100	0.875705
683307	-18.5072	-8.4827	-9.8460	0.882049	0.086450	-0.463159	-0.040936	0.993367	0.107456	0.469377	-0.075822	0.879737
683436	-18.6059	-8.4811	-9.8532	0.883697	0.085983	-0.460094	-0.045019	0.994039	0.099299	0.465890	-0.067037	0.882300
683563	-18.7155	-8.4882	-9.8673	0.886275	0.082704	-0.455715	-0.045561	0.994724	0.091916	0.460912	-0.060700	0.885367
683687	-18.8283	-8.5052	-9.8839	0.887564	0.078354	-0.453972	-0.044017	0.995345	0.085736	0.458577	-0.056114	0.886881
683808	-18.9477	-8.5218	-9.9069	0.888271	0.075304	-0.453104	-0.043842	0.995866	0.079559	0.457222	-0.050804	0.887900
683938	-19.0608	-8.5145	-9.9253	0.888611	0.068283	-0.453549	-0.041028	0.996726	0.069676	0.456822	-0.043307	0.888503
684058	-19.1690	-8.5064	-9.9398	0.888420	0.067136	-0.454095	-0.042319	0.997013	0.064609	0.457076	-0.038183	0.888607
684187	-19.2770	-8.5089	-9.9498	0.886626	0.064413	-0.457980	-0.041148	0.997313	0.060607	0.460653	-0.034891	0.886894
684308	-19.3962	-8.5153	-9.9645	0.886432	0.062602	-0.458606	-0.042357	0.997625	0.054309	0.460917	-0.028716	0.886979
684433	-19.5199	-8.5287	-9.9747	0.885019	0.057460	-0.461995	-0.041097	0.998123	0.045414	0.463737	-0.021206	0.885719
684564	-19.6433	-8.5415	-9.9772	0.884213	0.057307	-0.463556	-0.039616	0.998070	0.047820	0.465402	-0.023919	0.884776
684683	-19.7577	-8.5301	-9.9847	0.883164	0.058403	-0.465414	-0.042263	0.998090	0.045048	0.467156	-0.020115	0.883946
684804	-19.8636	-8.5205	-9.9948	0.882085	0.053281	-0.468068	-0.040050	0.998468	0.038183	0.469385	-0.014935	0.882867
684938	-19.9700	-8.5229	-10.0112	0.879883	0.053776	-0.472137	-0.040125	0.998435	0.038943	0.473493	-0.015321	0.880665
685059	-20.0811	-8.5349	-10.0296	0.877693	0.055809	-0.475963	-0.042974	0.998360	0.037817	0.477293	-0.012738	0.878652
685187	-20.2010	-8.5558	-10.0480	0.875759	0.055256	-0.479575	-0.043196	0.998412	0.036155	0.480811	-0.010947	0.876756
685309	-20.3234	-8.5613	-10.0649	0.875431	0.056788	-0.479996	-0.046497	0.998363	0.033314	0.481102	-0.006846	0.876638
685431	-20.4342	-8.5553	-10.0796	0.875525	0.062960	-0.479054	-0.050574	0.997969	0.038728	0.480519	-0.009679	0.876931
685559	-20.5437	-8.5487	-10.0899	0.876430	0.064674	-0.477166	-0.056110	0.997905	0.032194	0.478248	-0.001442	0.878223
685677	-20.6568	-8.5589	-10.1043	0.878438	0.062500	-0.473751	-0.055895	0.998043	0.028025	0.474575	0.001862	0.880213
685807	-20.7771	-8.5740	-10.1115	0.881789	0.065739	-0.467039	-0.058400	0.997837	0.030192	0.468014	0.000652	0.883721
685938	-20.8984	-8.5861	-10.1191	0.885387	0.071121	-0.459382	-0.065567	0.997454	0.028056	0.460208	0.005280	0.887796
686058	-21.0087	-8.5799	-10.1306	0.890316	0.069432	-0.450019	-0.059806	0.997575	0.035592	0.451399	-0.004775	0.892310
686187	-21.1122	-8.5772	-10.1513	0.894279	0.074135	-0.441327	-0.067460	0.997246	0.030823	0.442397	0.002208	0.896817
686306	-21.2217	-8.5807	-10.1764	0.898656	0.068832	-0.433220	-0.060777	0.997624	0.032434	0.434423	-0.002817	0.900705
686429	-21.3357	-8.5919	-10.2185	0.901833	0.067969	-0.426705	-0.061405	0.997687	0.029142	0.427699	-0.000080	0.903921
686559	-21.4566	-8.6185	-10.2607	0.903296	0.065109	-0.424048	-0.060523	0.997871	0.024291	0.424727	0.003723	0.905314
686684	-21.5817	-8.6228	-10.3048	0.906251	0.054132	-0.419259	-0.051637	0.998516	0.017307	0.419574	0.005965	0.907702
686807	-21.6941	-8.6182	-10.3357	0.906037	0.051682	-0.420031	-0.051613	0.998601	0.011538	0.420040	0.011225	0.907436
686938	-21.8049	-8.6117	-10.3602	0.906388	0.050055	-0.419470	-0.053119	0.998579	0.004381	0.419093	0.018311	0.907758
687057	-21.9199	-8.6164	-10.3770	0.906826	0.049484	-0.418590	-0.054439	0.998517	0.000105	0.417975	0.022692	0.908175
687183	-22.0455	-8.6408	-10.3887	0.906951	0.051504	-0.418075	-0.058558	0.998276	-0.004053	0.417145	0.028157	0.908404
687305	-22.1857	-8.6569	-10.4026	0.908867	0.052871	-0.413721	-0.058906	0.998262	-0.001833	0.412905	0.026037	0.910402
687433	-22.3095	-8.6603	-10.4051	0.910645	0.058350	-0.409050	-0.065485	0.997848	-0.003444	0.407968	0.029923	0.912506
687565	-22.4263	-8.6479	-10.4189	0.913337	0.056459	-0.403272	-0.063148	0.997999	-0.003297	0.402278	0.028477	0.915074
687682	-22.5443	-8.6389	-10.4415	0.914881	0.061067	-0.399079	-0.068251	0.997661	-0.003803	0.397914	0.030717	0.916908
687806	-22.6661	-8.6461	-10.4630	0.917663	0.059218	-0.392923	-0.066435	0.997779	-0.004779	0.391767	0.030490	0.919559
687939	-22.7994	-8.6589	-10.4985	0.919209	0.061072	-0.389006	-0.068401	0.997645	-0.005002	0.387784	0.031206	0.921222
688059	-22.9329	-8.6736	-10.5317	0.919812	0.063966	-0.387111	-0.069633	0.997573	-0.000615	0.386132	0.027522	0.922033
688190	-23.0668	-8.6592	-10.5611	0.921859	0.059421	-0.382942	-0.063166	0.997999	0.002799	0.382342	0.021608	0.923768
688307	-23.1898	-8.6503	-10.5869	0.921042	0.060576	-0.384724	-0.066396	0.997792	-0.001847	0.383763	0.027245	0.923030
688442	-23.3127	-8.6543	-10.6075	0.921994	0.059310	-0.382636	-0.065429	0.997853	-0.002987	0.381637	0.027789	0.923894
688563	-23.4485	-8.6709	-10.6284	0.920230	0.064828	-0.385971	-0.071751	0.997416	-0.003544	0.384744	0.030955	0.922504
688681	-23.5916	-8.6961	-10.6423	0.920748	0.063880	-0.384892	-0.072872	0.997302	-0.008805	0.383292	0.036155	0.922919
688806	-23.7288	-8.6946	-10.6609	0.921817	0.062593	-0.382538	-0.069446	0.997577	-0.004116	0.381354	0.030360	0.923930
688936	-23.8612	-8.6874	-10.6838	0.925328	0.054642	-0.375210	-0.060587	0.998155	-0.004055	0.374296	0.026485	0.926931
689058	-23.9884	-8.6816	-10.7120	0.925307	0.053038	-0.375492	-0.061517	0.998050	-0.010618	0.374197	0.032924	0.926765
689183	-24.1180	-8.6989	-10.7497	0.926094	0.053680	-0.373455	-0.059383	0.998228	-0.003775	0.372590	0.025673	0.927641
689304	-24.2522	-8.7199	-10.7927	0.925712	0.047611	-0.375219	-0.052781	0.998600	-0.003506	0.374527	0.023050	0.926929
689436	-24.3907	-8.7315	-10.8332	0.926472	0.041214	-0.374100	-0.043238	0.999060	0.002984	0.373872	0.013411	0.927383
689560	-24.5144	-8.7167	-10.8690	0.925978	0.035596	-0.375895	-0.038620	0.999254	-0.000512	0.375597	0.014992	0.926662
689682	-24.6392	-8.7014	-10.8978	0.926413	0.031392	-0.375199	-0.037063	0.999282	-0.007908	0.374681	0.021232	0.926911
689806	-24.7676	-8.7041	-10.9339	0.926451	0.028311	-0.375349	-0.035922	0.999266	-0.013294	0.374698	0.025800	0.926788
689936	-24.9052	-8.7235	-10.9616	0.927164	0.030933	-0.373377	-0.037064	0.999270	-0.009252	0.372818	0.022417	0.927633
690055	-25.0501	-8.7490	-10.9917	0.928425	0.028846	-0.370398	-0.034972	0.999340	-0.009832	0.369870	0.022082	0.928821
690185	-25.1780	-8.7414	-11.0236	0.930106	0.029630	-0.366095	-0.035589	0.999321	-0.009535	0.365564	0.021898	0.930529
690307	-25.3075	-8.7448	-11.0564	0.931719	0.030567	-0.361892	-0.037742	0.999206	-0.012771	0.361215	0.025558	0.932132
690433	-25.4337	-8.7434	-11.1057	0.932722	0.031925	-0.359180	-0.040044	0.999083	-0.015185	0.358366	0.028546	0.933145
690562	-25.5627	-8.7601	-11.1554	0.932338	0.037676	-0.359621	-0.047889	0.998662	-0.019529	0.358404	0.035430	0.932894
690684	-25.6896	-8.7847	-11.2118	0.932904	0.034194	-0.358498	-0.042125	0.999010	-0.014332	0.357653	0.028472	0.933420
690808	-25.8189	-8.7898	-11.2636	0.932223	0.038339	-0.359848	-0.044181	0.998991	-0.008019	0.359178	0.023374	0.932976
690934	-25.9432	-8.7811	-11.3163	0.932234	0.041907	-0.359422	-0.046021	0.998936	-0.002892	0.358918	0.019237	0.933171
691055	-26.0694	-8.7830	-11.3657	0.932053	0.042236	-0.359852	-0.045156	0.998980	0.000293	0.359497	0.015977	0.933009
691186	-26.2017	-8.7971	-11.4107	0.931447	0.048278	-0.360660	-0.051514	0.998672	0.000640	0.360212	0.017983	0.932697
691307	-26.3328	-8.8130	-11.4554	0.933074	0.047713	-0.356505	-0.049139	0.998779	0.005062	0.356312	0.012795	0.934280
691437	-26.4597	-8.8133	-11.5014	0.933594	0.049811	-0.354854	-0.050452	0.998699	0.007452	0.354764	0.010946	0.934892
691564	-26.5818	-8.8080	-11.5483	0.935587	0.054292	-0.348899	-0.053355	0.998500	0.012302	0.349043	0.007106	0.937080
691683	-26.7020	-8.8075	-11.6044	0.937550	0.055098	-0.343460	-0.056377	0.998390	0.006267	0.343252	0.013487	0.939147
691807	-26.8238	-8.8221	-11.6598	0.940376	0.056124	-0.335475	-0.056236	0.998373	0.009389	0.335456	0.010037	0.942002
691938	-26.9481	-8.8354	-11.7248	0.942206	0.058583	-0.329872	-0.055879	0.998281	0.017681	0.330341	0.001774	0.943860
692060	-27.0684	-8.8363	-11.7799	0.945365	0.053222	-0.321640	-0.052648	0.998558	0.010489	0.321735	0.007018	0.946804
692190	-27.1882	-8.8335	-11.8391	0.947486	0.049543	-0.315937	-0.050138	0.998723	0.006248	0.315843	0.009921	0.948760
692307	-27.3077	-8.8340	-11.9015	0.950901	0.047516	-0.305825	-0.047860	0.998834	0.006379	0.305771	0.008571	0.952066
692434	-27.4343	-8.8452	-11.9588	0.954205	0.041246	-0.296297	-0.041132	0.999132	0.006620	0.296313	0.005870	0.955073
692559	-27.5600	-8.8584	-12.0170	0.957592	0.040240	-0.285305	-0.040388	0.999170	0.005366	0.285284	0.006384	0.958422
692681	-27.6775	-8.8567	-12.0725	0.961090	0.040587	-0.273239	-0.041191	0.999145	0.003529	0.273149	0.007863	0.961940
692807	-27.7966	-8.8559	-12.1393	0.964285	0.043807	-0.261218	-0.045026	0.998985	0.001317	0.261011	0.010492	0.965279
692935	-27.9105	-8.8604	-12.2077	0.967315	0.044681	-0.249612	-0.047704	0.998843	-0.006075	0.249052	0.017784	0.968327
693058	-28.0256	-8.8735	-12.2860	0.970886	0.045385	-0.235205	-0.049445	0.998712	-0.011390	0.234385	0.022688	0.971879
693184	-28.1451	-8.8867	-12.3617	0.974562	0.040998	-0.220335	-0.043076	0.999061	-0.004633	0.219939	0.014006	0.975413
693306	-28.2553	-8.8876	-12.4416	0.978082	0.044313	-0.203448	-0.045747	0.998950	-0.002351	0.203130	0.011606	0.979083
693435	-28.3656	-8.8836	-12.5121	0.980156	0.044673	-0.193129	-0.046358	0.998916	-0.004214	0.192732	0.013083	0.981164
693563	-28.4758	-8.8893	-12.5860	0.982487	0.049126	-0.179738	-0.050759	0.998701	-0.004494	0.179284	0.013539	0.983704
693679	-28.5894	-8.9013	-12.6615	0.985266	0.046680	-0.164535	-0.048140	0.998829	-0.004898	0.164113	0.012746	0.986359
693803	-28.7048	-8.9236	-12.7426	0.987742	0.047343	-0.148742	-0.049507	0.998715	-0.010875	0.148036	0.018106	0.988816
693936	-28.8103	-8.9205	-12.8213	0.990376	0.048658	-0.129571	-0.050693	0.998637	-0.012449	0.128789	0.018897	0.991492
694057	-28.9139	-8.9085	-12.8951	0.992696	0.048870	-0.110301	-0.049859	0.998737	-0.006225	0.109858	0.011679	0.993879
694194	-29.0103	-8.9101	-12.9780	0.994259	0.052059	-0.093478	-0.052727	0.998598	-0.004687	0.093103	0.009589	0.995610
694306	-29.1083	-8.9258	-13.0658	0.995912	0.051505	-0.074204	-0.052411	0.998572	-0.010306	0.073567	0.014153	0.997190
694444	-29.2074	-8.9377	-13.1581	0.997038	0.051766	-0.056880	-0.052518	0.998550	-0.011821	0.056186	0.014773	0.998311
694555	-29.3040	-8.9348	-13.2474	0.998155	0.047293	-0.038066	-0.047656	0.998826	-0.008696	0.037610	0.010494	0.999237
694675	-29.3934	-8.9241	-13.3354	0.998709	0.044377	-0.024701	-0.044769	0.998876	-0.015576	0.023982	0.016661	0.999574
694805	-29.4829	-8.9215	-13.4253	0.999114	0.041294	-0.008062	-0.041446	0.998947	-0.019660	0.007242	0.019977	0.999774
694937	-29.5765	-8.9424	-13.5134	0.999026	0.043733	0.005868	-0.043557	0.998677	-0.027326	-0.007055	0.027044	0.999609
695058	-29.6721	-8.9584	-13.6062	0.998825	0.041123	0.025637	-0.040354	0.998741	-0.029809	-0.026830	0.028739	0.999227
695188	-29.7659	-8.9636	-13.6867	0.998095	0.043141	0.044094	-0.041741	0.998610	-0.032182	-0.045421	0.030280	0.998509
695305	-29.8446	-8.9567	-13.7806	0.996703	0.048094	0.065346	-0.045929	0.998358	-0.034241	-0.066885	0.031126	0.997275
695429	-29.9229	-8.9549	-13.8730	0.995298	0.053815	0.080539	-0.050909	0.997991	-0.037717	-0.082407	0.033440	0.996038
695554	-29.9995	-8.9610	-13.9730	0.993993	0.049953	0.097374	-0.045959	0.998024	-0.042838	-0.099321	0.038106	0.994326
695683	-30.0760	-8.9785	-14.0834	0.992267	0.054112	0.111701	-0.049320	0.997759	-0.045225	-0.113898	0.039366	0.992712
695807	-30.1517	-8.9853	-14.1921	0.990772	0.050031	0.125967	-0.043633	0.997638	-0.053048	-0.128324	0.047062	0.990615
695942	-30.2234	-8.9780	-14.2963	0.989645	0.048245	0.135186	-0.040766	0.997509	-0.057563	-0.137626	0.051456	0.989147
696056	-30.2917	-8.9703	-14.3856	0.987809	0.049895	0.147460	-0.040889	0.997144	-0.063493	-0.150207	0.056689	0.987028
696187	-30.3621	-8.9788	-14.4871	0.985398	0.051922	0.162156	-0.041880	0.997022	-0.064747	-0.165035	0.057011	0.984639
696306	-30.4393	-8.9912	-14.5838	0.982926	0.054245	0.175826	-0.042672	0.996707	-0.068947	-0.178987	0.060267	0.982004
696429	-30.5159	-9.0040	-14.6866	0.979795	0.058325	0.191311	-0.044702	0.996199	-0.074767	-0.194945	0.064704	0.978678
696557	-30.5827	-9.0007	-14.7858	0.975881	0.065162	0.208350	-0.048832	0.995387	-0.082589	-0.212771	0.070423	0.974561
696692	-30.6429	-8.9895	-14.8868	0.972316	0.062026	0.225286	-0.043308	0.995257	-0.087105	-0.229620	0.074937	0.970391
696804	-30.7008	-8.9908	-14.9931	0.969095	0.061718	0.238843	-0.042425	0.995469	-0.085096	-0.243013	0.072333	0.967322
696935	-30.7540	-9.0066	-15.1043	0.964253	0.067982	0.256115	-0.046446	0.994928	-0.089223	-0.260882	0.074138	0.962520
697056	-30.8082	-9.0214	-15.2217	0.960719	0.062915	0.270296	-0.041743	0.995643	-0.083380	-0.274364	0.068822	0.959160
697182	-30.8542	-9.0211	-15.3289	0.956194	0.064511	0.285537	-0.041472	0.995430	-0.086016	-0.289782	0.070406	0.954500
697315	-30.9028	-9.0190	-15.4346	0.952187	0.069186	0.297579	-0.044154	0.994959	-0.090044	-0.302309	0.072599	0.950441
697433	-30.9520	-9.0129	-15.5392	0.948382	0.069957	0.309317	-0.045124	0.995209	-0.086732	-0.313903	0.068297	0.946995
697560	-31.0053	-9.0177	-15.6481	0.943805	0.067305	0.323577	-0.040932	0.995311	-0.087637	-0.327959	0.069468	0.942134
697678	-31.0677	-9.0446	-15.7620	0.937799	0.068895	0.340274	-0.042046	0.995436	-0.085667	-0.344623	0.066032	0.936416
697805	-31.1264	-9.0586	-15.8785	0.931361	0.072709	0.356764	-0.045592	0.995435	-0.083848	-0.361232	0.061827	0.930424
697939	-31.1802	-9.0523	-15.9994	0.925667	0.066515	0.372447	-0.040292	0.996157	-0.077762	-0.376188	0.056975	0.924790
698057	-31.2305	-9.0450	-16.1046	0.919162	0.069829	0.387641	-0.043444	0.996128	-0.076426	-0.391477	0.053408	0.918637
698191	-31.2773	-9.0479	-16.2215	0.913022	0.062489	0.403096	-0.035654	0.996640	-0.073745	-0.406350	0.052959	0.912182
698302	-31.3234	-9.0680	-16.3338	0.905794	0.060314	0.419404	-0.037697	0.997363	-0.062014	-0.422039	0.040362	0.905679
698432	-31.3708	-9.0875	-16.4607	0.899147	0.054355	0.434258	-0.035967	0.998078	-0.050456	-0.436166	0.029749	0.899374
698562	-31.4214	-9.0886	-16.5751	0.893938	0.051025	0.445277	-0.032027	0.998231	-0.050091	-0.447045	0.030517	0.893991
698681	-31.4709	-9.0876	-16.6811	0.887041	0.047105	0.459282	-0.029436	0.998528	-0.045559	-0.460752	0.026894	0.887121
698817	-31.5223	-9.0943	-16.7975	0.878736	0.047421	0.474946	-0.029765	0.998560	-0.044631	-0.476378	0.025082	0.878882
